# Stats for class 1
0,42204,382,1657
1,56614,0,900
2,30519,790,2470
3,42324,322,2894
4,33170,270,11975
5,53240,5,580
6,34850,453,6750
7,52794,44,3816
8,40075,781,6879
9,45991,387,5529
10,37393,2454,1916
11,43111,382,4357
12,24491,637,12118
13,55592,39,1580
14,54953,560,451
15,57750,1,1557
16,43509,1665,2024
17,53794,4,4170
18,32043,932,2473
19,34387,399,2766
20,44877,550,1428
21,45525,137,5050
22,43264,947,1398
23,44739,193,3033
24,44174,141,1737
25,42693,925,2269
26,45901,48,4689
27,28253,54,11748
28,42367,1501,561
29,58344,26,408
30,42860,1691,628
31,53762,6,1545
32,33825,1498,1216
33,35521,636,3116
34,44368,321,1811
35,45997,197,3108
36,50434,361,1478
37,26351,233,8053
38,56026,60,1730
39,58555,0,973
40,45751,651,2600
41,58685,19,711
42,47277,165,3283
43,58165,46,1268
44,49376,98,1094
45,48585,94,1188
46,51314,1424,1286
47,35708,86,5414
48,42373,360,1245
49,56988,43,371
50,55156,90,493
51,53856,34,293
52,45917,287,1347
53,46543,1010,2127
54,49238,1377,1107
55,58322,10,209
56,49746,97,1671
57,46905,74,2613
58,42868,187,1669
59,41642,75,3236
60,55575,25,368
61,36989,213,4059
62,55501,13,1167
63,59094,8,111
64,46642,133,1805
65,43213,907,1244
66,44714,152,1984
67,43783,109,1422
68,45566,383,1104
69,31026,702,2586
70,56188,103,342
71,48701,136,1484
72,49699,1802,1206
73,59247,39,62
74,48671,191,1498
75,46512,517,1275
76,41798,65,1959
77,55261,25,219
78,39465,181,3042
79,58656,7,184
80,40117,160,2810
81,57103,24,150
82,51222,59,949
83,45325,100,3766
84,45937,25,4256
85,51910,1324,943
86,36546,155,3983
87,54433,36,848
88,37080,206,3504
89,53099,163,751
90,54214,67,433
91,57775,0,1037
92,50478,119,1176
93,48817,240,1299
94,40475,525,2121
95,56558,80,130
96,40593,248,1902
97,55235,27,2010
98,55854,173,120
99,52879,87,285
100,45606,125,3095
101,51398,36,1854
102,35861,27,9558
103,50480,1447,549
104,58239,87,205
105,46460,217,1700
106,46728,105,1836
107,48557,84,1564
108,53167,33,865
109,44916,41,4062
110,51552,1408,943
111,43634,176,2790
112,53547,1312,462
113,42628,326,1418
114,39106,625,2119
115,55928,3,1108
116,54231,53,1589
117,44618,342,2127
118,53916,122,308
119,47122,187,1913
120,49147,34,2624
121,50294,1344,428
122,58632,142,68
123,49402,176,1491
124,47558,90,2156
125,26469,770,1442
126,40849,96,2579
127,55018,24,213
128,36739,218,3314
129,58756,2,223
130,57505,8,836
131,49885,128,1074
132,45564,86,3716
133,48453,200,648
134,54978,10,580
135,48367,122,818
136,59162,0,105
137,57388,6,356
138,45823,191,2196
139,56347,0,566
140,54048,110,182
141,50288,248,802
142,46708,184,3186
143,40694,111,1935
144,56032,41,148
145,39216,413,2331
146,58679,10,210
147,50101,37,2166
148,55534,47,202
149,51543,82,469
150,45593,76,3619
151,52264,27,2085
152,50737,1414,1805
153,58596,129,228
154,46792,106,2478
155,46010,127,1949
156,49977,39,985
157,43908,406,3318
158,42905,938,1203
159,50218,76,1019
160,49342,87,1128
161,48628,79,1145
162,51283,1406,1317
163,42461,398,1157
164,57030,37,329
165,55189,79,460
166,53837,54,312
167,45889,258,1375
168,46627,890,2043
169,57265,302,163
170,49244,1369,1101
171,58319,10,212
172,49897,104,1520
173,46885,74,2633
174,41657,88,3221
175,55583,23,360
176,37084,205,3964
177,55542,9,1126
178,59095,9,110
179,46616,164,1831
180,36388,471,2079
181,43171,916,1286
182,44677,156,2021
183,43823,122,1382
184,45658,391,1012
185,56183,94,347
186,48797,153,1388
187,49640,1803,1265
188,59236,29,73
189,48787,227,1382
190,46453,514,1334
191,42852,309,859
192,41861,64,1896
193,55277,24,203
194,39519,164,2988
195,58634,7,206
196,57106,36,147
197,51296,60,875
198,45244,73,3847
199,46031,23,4162
200,51788,1320,1065
201,36714,177,3815
202,31217,533,2191
203,54409,30,872
204,37391,243,3193
205,53191,127,659
206,54263,80,384
207,50420,132,1234
208,48710,239,1406
209,40341,513,2255
210,56575,69,113
211,40724,264,1771
212,55176,24,2069
213,42975,471,1292
214,55841,176,133
215,52824,74,340
216,45558,133,3143
217,51229,23,2023
218,50531,1464,498
219,58224,95,220
220,46606,229,1554
221,46764,106,1800
222,48620,104,1501
223,53012,32,1020
224,57417,150,587
225,57264,87,574
226,44805,31,4173
227,51524,1448,971
228,43528,171,2896
229,53566,1315,443
230,49788,127,991
231,48526,110,1071
232,50495,1625,1536
233,41896,380,1682
234,56970,43,435
235,55057,138,560
236,54681,900,353
237,53316,45,340
238,45983,275,1797
239,46154,966,2532
240,48771,1742,1038
241,58074,13,300
242,49695,223,1573
243,46736,82,2659
244,41799,90,3079
245,55908,40,407
246,36756,298,3774
247,46474,81,2604
248,55211,17,1234
249,59034,10,110
250,46672,179,1393
251,42558,898,1217
252,44579,161,1990
253,44583,125,1387
254,45415,276,1028
255,56164,109,298
256,48290,164,1455
257,49385,2025,1660
258,51282,84,797
259,59334,33,60
260,48512,219,1485
261,45808,559,1299
262,41795,111,1972
263,54659,44,222
264,40065,308,2890
265,58635,13,214
266,56860,30,233
267,51652,109,819
268,44640,103,3973
269,58080,0,315
270,45773,37,3999
271,52037,1341,884
272,35825,205,3788
273,54238,44,853
274,37367,301,3659
275,52452,236,807
276,53586,134,574
277,50096,187,1098
278,48302,290,1456
279,40282,577,2540
280,40199,128,3394
281,56399,87,60
282,40235,340,1734
283,53941,29,3700
284,55950,217,111
285,52212,101,322
286,45455,169,3176
287,50481,17,2502
288,50531,1393,651
289,58258,107,219
290,46585,314,1482
291,49199,460,636
292,47496,164,1230
293,48659,107,1562
294,52670,43,1000
295,44538,70,4032
296,52002,1132,828
297,42693,252,2702
298,53399,1106,542
299,55395,0,1428
300,53003,39,2256
301,44697,390,2030
302,59309,0,110
303,53739,176,305
304,47092,257,2739
305,49386,30,2618
306,50136,1207,544
307,58548,263,92
308,49361,193,1359
309,46557,139,2484
310,41373,103,2125
311,55343,65,202
312,36743,312,2577
313,50334,53,1674
314,58434,0,299
315,57352,11,862
316,49358,96,1199
317,45515,148,3781
318,48014,330,566
319,55297,27,577
320,48294,161,698
321,57196,8,496
322,44742,297,2748
323,55841,4,711
324,42535,1496,2411
325,54019,118,147
326,50043,324,914
327,45798,248,3202
328,40994,162,1906
329,55474,49,227
330,39478,543,1976
331,58752,12,205
332,55388,42,267
333,51783,99,511
334,45180,109,3936
335,54716,1152,497
336,48923,358,856
337,51335,30,2294
338,50243,1543,2056
339,58654,141,269
340,45668,173,2663
341,45302,182,2011
342,50201,47,949
343,43615,566,3361
344,50302,95,965
345,49774,126,1005
346,48596,84,1001
347,57299,1360,136
348,50500,1645,1531
349,42061,430,1517
350,57010,42,395
351,55049,139,568
352,53258,48,398
353,46033,261,1747
354,46333,946,2353
355,48769,1745,1040
356,58064,10,310
357,49981,258,1287
358,58130,65,226
359,46759,86,2636
360,41701,96,3177
361,55952,34,363
362,36577,288,3953
363,55260,16,1185
364,59045,5,99
365,46564,173,1501
366,42467,911,1308
367,44206,154,2363
368,44660,139,1310
369,45507,80,1811
370,45544,318,899
371,56150,124,312
372,48356,161,1389
373,49458,2078,1587
374,59338,45,56
375,48690,229,1307
376,45882,578,1225
377,42104,101,1663
378,54680,45,201
379,39956,301,2999
380,42462,58,3342
381,58659,18,190
382,56810,41,283
383,51630,105,841
384,44583,89,4030
385,45727,39,4045
386,51901,1326,1020
387,35758,203,3855
388,54230,33,861
389,37747,308,3279
390,52488,188,771
391,54126,508,1017
392,53680,131,480
393,49882,169,1312
394,48219,292,1539
395,40361,646,2461
396,56406,72,53
397,40326,364,1643
398,53932,24,3709
399,55924,209,137
400,52173,83,361
401,45229,200,3402
402,57069,1,2461
403,50159,11,2824
404,50475,1365,707
405,58268,144,209
406,46701,325,1366
407,47472,173,1254
408,48651,102,1570
409,52678,46,992
410,44578,57,3992
411,51959,1146,871
412,42696,232,2699
413,41500,103,3669
414,53331,1117,610
415,53248,26,841
416,36784,197,8543
417,31369,745,2631
418,48154,313,662
419,44502,518,4340
420,39373,453,3065
421,23245,124,9637
422,54481,41,147
423,42570,257,7493
424,56318,21,362
425,46784,250,1786
426,40304,26,986
427,47551,77,442
428,52616,350,906
429,34054,135,9468
430,29590,192,2892
431,54765,144,144
432,45246,3270,1060
433,41550,153,2122
434,37692,129,1775
435,57621,12,1414
436,58434,21,66
437,47091,6,5636
438,46718,26,3744
439,39470,510,566
440,50008,36,206
441,52739,81,863
442,33051,44,12169
443,28160,338,4257
444,48718,571,763
445,43569,491,4846
446,44044,995,1756
447,46710,70,1866
448,40026,293,4060
449,27725,52,6865
450,53935,29,123
451,43331,426,5605
452,44588,69,5525
453,39295,362,497
454,47996,46,311
455,50199,13,2044
456,39287,280,8890
457,38557,592,1317
458,59160,47,184
459,54124,219,431
460,49570,91,2776
461,38277,2235,2398
462,38616,65,1972
463,58263,12,100
464,41757,697,5496
465,46423,228,3587
466,39401,198,915
467,49803,19,322
468,51484,95,1588
469,57275,0,641
470,31195,166,9064
471,27194,343,5894
472,49663,507,735
473,42155,925,4480
474,41779,75,4714
475,24530,38,9889
476,53647,38,105
477,44583,41,5825
478,45959,129,3272
479,46233,281,1350
480,43290,28,2735
481,52250,49,97
482,50251,24,1351
483,36703,150,11596
484,39790,233,1560
485,53383,256,638
486,49376,7,2825
487,39875,348,3167
488,26042,725,6410
489,55615,24,115
490,43734,201,6001
491,50345,86,1379
492,46633,39,4265
493,39081,144,1685
494,48588,211,330
495,52346,23,1794
496,35336,272,6623
497,29375,151,4875
498,49927,267,509
499,42352,1282,2946
500,41468,817,3230
501,27269,63,6081
502,45996,102,2451
503,54036,25,132
504,45755,1504,3380
505,44549,216,4052
506,46011,549,1227
507,52630,74,105
508,48808,411,2072
509,40033,26,7811
510,40843,111,1278
511,48383,125,739
512,42201,1415,3255
513,46825,417,910
514,40789,547,3261
515,23097,44,10401
516,55174,9,129
517,42523,173,7537
518,45021,130,2777
519,39762,188,533
520,48029,52,300
521,52928,107,941
522,34010,12,10056
523,27247,357,6391
524,55070,1210,1047
525,50379,174,437
526,44777,323,4381
527,41688,381,1978
528,35380,347,2411
529,58088,14,58
530,46849,67,6652
531,46360,136,3899
532,47030,512,769
533,52263,25,200
534,53111,19,978
535,58871,40,177
536,36690,167,8637
537,31136,672,2864
538,48181,202,635
539,44619,462,4223
540,39374,455,3064
541,23284,99,9598
542,54489,32,139
543,42232,267,7831
544,46876,252,1694
545,40356,50,934
546,42977,360,1852
547,47565,86,428
548,52500,449,1022
549,33904,136,9618
550,29525,160,2957
551,54753,108,156
552,45123,3605,1183
553,41430,112,2242
554,37596,120,1871
555,58435,26,65
556,47085,4,5642
557,50482,166,1481
558,40799,144,2263
559,46628,28,3834
560,39552,497,484
561,50011,44,203
562,52690,142,912
563,32999,35,12221
564,27884,289,4533
565,48714,386,767
566,44047,553,4368
567,40278,322,3808
568,28389,75,6201
569,53852,74,1938
570,53936,34,122
571,43583,466,5353
572,44444,56,5669
573,39275,399,517
574,48004,51,303
575,50193,28,2050
576,39759,214,8418
577,38356,407,1518
578,54113,199,442
579,49387,80,2959
580,58624,0,445
581,38445,2305,2230
582,38870,71,1718
583,58278,13,85
584,41047,712,6206
585,47053,218,2957
586,39390,194,926
587,49790,15,335
588,51661,96,1411
589,30996,112,9263
590,26935,365,6153
591,42468,98,2754
592,49623,418,775
593,42173,941,4462
594,41733,74,4760
595,24124,47,10295
596,53633,30,119
597,44873,42,5535
598,45890,146,3341
599,46252,292,1331
600,52260,45,87
601,50478,30,1124
602,52684,99,1236
603,36775,97,11524
604,39716,197,1634
605,53422,316,599
606,49963,40,2238
607,50164,3793,212
608,48317,1696,734
609,59354,34,6
610,41144,2868,158
611,55921,951,222
612,58569,574,10
613,59326,0,57
614,42673,3756,390
615,49340,992,1314
616,36537,34,8417
617,24489,6,9295
618,26033,207,4866
619,55615,13,297
620,37816,24,7559
621,36458,27,10387
622,34434,13,4226
623,50007,23,553
624,48515,77,3648
625,54240,16,2291
626,36783,97,5568
627,34190,865,4111
628,47993,495,746
629,36630,79,6293
630,42752,4784,580
631,59196,36,27
632,52258,2112,226
633,49235,2562,459
634,59450,37,3
635,41880,200,2767
636,42407,1791,436
637,56075,800,246
638,37006,49,10063
639,28326,183,14359
640,36356,27,4894
641,48985,42,563
642,52259,1,3673
643,36105,42,6449
644,36646,461,3891
645,49368,162,1259
646,56023,41,399
647,37562,64,6473
648,29372,566,7526
649,22175,989,6350
650,55760,4,323
651,38276,88,9021
652,34217,348,12487
653,58428,425,202
654,53675,3517,46
655,42066,4830,617
656,59315,52,29
657,56940,1587,177
658,50868,2197,189
659,50055,1562,472
660,52201,0,3902
661,33499,203,7326
662,31780,328,6389
663,49852,409,1042
664,35887,319,6732
665,30215,48,6120
666,27620,559,4003
667,56385,5,585
668,34676,315,5275
669,41888,235,2821
670,38292,39,9068
671,40792,29,6753
672,36443,13,4111
673,49956,24,221
674,54157,12,2645
675,36487,370,6364
676,33126,233,5443
677,58017,1206,0
678,40266,4314,319
679,55484,3439,98
680,55987,105,518
681,55146,1970,37
682,42043,4442,700
683,59370,111,0
684,25921,100,9476
685,25137,371,4759
686,55884,17,135
687,36819,237,7251
688,29646,254,13344
689,32541,22,5168
690,50123,30,718
691,58914,0,419
692,53571,8,3073
693,38090,26,5829
694,36601,748,3578
695,48425,81,1336
696,34173,56,9894
697,28374,579,8758
698,24949,405,6421
699,55403,6,244
700,38659,3697,259
701,55296,790,221
702,44914,263,1961
703,57792,1538,1
704,41471,3598,103
705,57338,1544,59
706,54802,2481,9
707,37021,18,5417
708,49260,37,338
709,51751,45,3448
710,33199,293,7320
711,31174,180,7011
712,48781,104,1277
713,59071,3,103
714,36957,30,5379
715,29517,45,6917
716,24843,839,4465
717,56124,1,491
718,35525,64,12651
719,32395,30,13278
720,37125,25,4439
721,49353,24,351
722,50163,3842,213
723,48344,1760,707
724,42579,130,1456
725,59353,39,7
726,41137,2927,165
727,55938,947,205
728,58571,567,8
729,42688,3746,375
730,49391,758,1263
731,36169,34,8785
732,24921,9,8863
733,26442,209,4457
734,55415,22,497
735,44281,82,2841
736,36786,21,8589
737,36704,37,10141
738,35190,9,3470
739,50194,27,366
740,54552,18,1979
741,36315,100,6036
742,34284,896,4017
743,48029,502,710
744,36162,91,6761
745,42752,4587,580
746,53496,72,1753
747,59191,34,32
748,52242,2162,242
749,49228,2541,466
750,59450,31,3
751,42414,1955,429
752,56052,784,269
753,36629,51,10440
754,28984,203,13701
755,36088,47,5162
756,48654,47,894
757,59047,5,339
758,51811,5,4121
759,36183,53,6371
760,36761,415,3776
761,49468,212,1159
762,37155,77,6880
763,28761,528,8137
764,22287,961,6238
765,55585,3,498
766,38804,85,8493
767,35008,331,11696
768,42232,221,2876
769,58426,392,204
770,53679,3564,42
771,42103,4717,580
772,59316,52,28
773,50854,2251,203
774,50048,1499,479
775,52608,3,3495
776,33456,186,7369
777,31754,352,6415
778,50059,265,835
779,43146,143,1108
780,49313,571,581
781,36053,318,6566
782,29838,42,6497
783,28021,558,3602
784,56270,8,700
785,39201,87,8159
786,40796,35,6749
787,35874,20,4680
788,49942,18,235
789,54244,4,2558
790,36139,359,6712
791,58841,50,171
792,32992,318,5577
793,55284,87,1094
794,25179,81,16075
795,31962,522,5171
796,47035,583,1426
797,39870,1351,2241
798,37631,406,2916
799,23549,34,10132
800,56101,24,92
801,43004,282,5231
802,49914,22,1585
803,43643,178,4444
804,41684,2233,1165
805,49017,144,171
806,53598,189,914
807,29921,12,14601
808,32611,175,3700
809,48609,1298,458
810,41930,237,5544
811,39706,209,3095
812,23684,125,8083
813,39999,1231,3830
814,55100,30,101
815,42698,230,5148
816,46592,79,3921
817,40224,960,2247
818,49990,40,214
819,54395,343,1210
820,23711,17,18454
821,31976,633,5678
822,47318,472,1114
823,39939,563,2695
824,51489,757,1305
825,37501,352,3551
826,25653,176,7996
827,56101,29,116
828,44061,204,4414
829,43850,196,5295
830,42561,1491,321
831,50084,131,178
832,53216,190,975
833,33429,95,10972
834,33480,189,3328
835,57733,1530,71
836,48143,255,908
837,41817,421,6913
838,40095,82,3652
839,27249,216,6195
840,55387,32,110
841,42666,133,5951
842,41856,171,5876
843,39005,998,3565
844,50318,111,172
845,55138,51,635
846,58243,3,289
847,28456,188,14154
848,31556,1086,4026
849,47911,374,909
850,39602,436,3920
851,37705,165,1914
852,27383,66,6483
853,55517,42,75
854,44704,276,4234
855,43752,256,5802
856,42970,428,422
857,45310,243,1893
858,49163,61,222
859,53029,71,1370
860,33394,58,11536
861,31033,414,4438
862,50447,187,801
863,42380,395,4821
864,35395,338,4273
865,21439,78,10607
866,56511,8,135
867,44592,577,2710
868,44299,174,2203
869,41413,110,5726
870,42091,414,1232
871,49909,98,173
872,54155,90,663
873,26082,122,17193
874,30985,859,4506
875,49243,555,400
876,41392,183,5069
877,36627,191,3240
878,28616,89,5510
879,51302,296,1632
880,55905,46,86
881,43946,273,4304
882,44477,133,5239
883,41935,675,311
884,49216,78,107
885,52211,197,1191
886,34711,47,11449
887,30877,370,4223
888,48064,455,935
889,39482,511,3786
890,56186,7,1062
891,41748,75,2515
892,37105,216,4621
893,25005,39,9827
894,56652,15,92
895,43235,292,4451
896,44044,301,3236
897,41750,1001,1308
898,49773,54,208
899,53168,179,723
900,27731,50,16249
901,31168,466,3708
902,55710,72,807
903,50261,459,691
904,43362,350,3678
905,37637,129,3633
906,26937,116,6219
907,55202,63,79
908,43123,277,7304
909,43640,159,6460
910,39726,727,606
911,50037,100,139
912,55148,99,1230
913,56696,1635,257
914,24871,72,16383
915,32109,464,5024
916,47038,586,1423
917,40085,1585,2026
918,37704,402,2843
919,23738,46,9943
920,56106,25,87
921,42366,238,5869
922,43753,165,4334
923,41948,2207,901
924,42156,298,2252
925,49036,139,152
926,53372,158,1140
927,29371,11,15151
928,32036,173,4275
929,48577,1148,490
930,41761,276,5713
931,39572,221,3229
932,23902,125,7865
933,55110,31,91
934,43241,259,4605
935,56307,54,396
936,46523,84,3990
937,40501,1080,1970
938,49993,39,211
939,54360,347,1245
940,24638,17,17527
941,31753,558,5901
942,47437,472,995
943,40314,595,2320
944,37356,344,3696
945,25319,169,8330
946,38809,233,2346
947,56099,22,118
948,44183,207,4292
949,43361,200,5784
950,42508,1439,374
951,50084,137,178
952,53121,255,1070
953,34040,82,10361
954,33483,196,3325
955,48138,199,913
956,41580,436,7150
957,50779,374,813
958,40296,102,3451
959,27435,266,6009
960,55390,23,107
961,43370,130,5247
962,41699,156,6033
963,39710,1451,2860
964,50332,115,158
965,55225,66,548
966,27681,197,14929
967,31836,1042,3746
968,59326,0,109
969,47839,318,981
970,39681,511,3841
971,37377,147,2242
972,27293,63,6573
973,55514,39,78
974,45060,333,3878
975,44383,262,5171
976,43022,447,370
977,49138,63,247
978,53193,81,1206
979,50556,10,1810
980,32923,42,12007
981,31242,289,4229
982,50393,125,855
983,42624,412,4577
984,49101,5,3147
985,45376,10,2992
986,39533,73,2911
987,52180,33,1623
988,50348,29,2634
989,42605,64,3038
990,44615,53,2725
991,42149,42,1229
992,56212,28,54
993,49407,19,3253
994,45308,884,2592
995,54815,93,557
996,51019,42,223
997,55817,310,959
998,46909,58,4556
999,40877,84,1298
1000,45161,749,1317
1001,59138,0,125
1002,47031,374,1240
1003,51277,1574,1246
1004,53699,251,669
1005,53418,214,712
1006,42954,312,954
1007,43197,388,2285
1008,56126,42,302
1009,47760,7,4747
1010,47193,14,3011
1011,47891,105,553
1012,51129,63,76
1013,56322,1243,194
1014,48914,14,4730
1015,45029,6,4038
1016,43014,101,1207
1017,53995,67,1407
1018,49344,42,2009
1019,43218,132,1790
1020,41269,98,812
1021,57081,18,67
1022,43324,774,6256
1023,48561,102,3588
1024,58715,11,293
1025,53718,173,958
1026,52093,594,310
1027,42597,214,2196
1028,52757,69,1695
1029,48297,66,2051
1030,47239,142,2290
1031,50861,967,540
1032,52205,37,1438
1033,49560,7,3303
1034,41250,27,3353
1035,44943,190,2177
1036,41030,40,1046
1037,57138,16,36
1038,48679,1,4893
1039,44690,11,3970
1040,52964,51,662
1041,49390,155,103
1042,55462,40,1705
1043,47930,445,2086
1044,40431,80,1550
1045,54875,114,368
1046,42783,283,2839
1047,44500,1581,4131
1048,41666,191,1396
1049,50082,1546,1416
1050,48011,344,1771
1051,44586,357,2818
1052,56817,76,406
1053,44446,232,2384
1054,56077,100,692
1055,47682,68,753
1056,51882,18,191
1057,54965,120,701
1058,48974,3,2625
1059,44749,47,3622
1060,41784,75,1556
1061,52582,29,1871
1062,49672,0,3505
1063,42906,74,2991
1064,42562,14,2849
1065,55911,19,50
1066,46101,323,4644
1067,48598,57,2111
1068,59044,0,349
1069,52629,70,966
1070,50042,36,183
1071,48186,327,1867
1072,41065,568,3231
1073,55420,206,1274
1074,45540,271,1597
1075,50590,1490,1438
1076,46713,310,6177
1077,53510,119,1379
1078,40359,83,2993
1079,40970,263,2801
1080,39439,12,1747
1081,57832,11,74
1082,47742,13,6061
1083,46251,82,2148
1084,49651,39,805
1085,50012,56,113
1086,53254,39,1742
1087,46344,97,3457
1088,43743,104,1542
1089,54880,37,1212
1090,53906,21,1004
1091,49201,44,3475
1092,44001,60,2109
1093,46492,51,804
1094,56376,8,64
1095,44336,774,1902
1096,49310,424,1901
1097,45311,519,1317
1098,54449,141,1332
1099,53994,143,548
1100,50941,188,1460
1101,59242,17,102
1102,49177,14,3071
1103,45282,13,3086
1104,39289,55,3155
1105,52221,34,1582
1106,50374,25,2608
1107,42320,62,3323
1108,42023,42,1355
1109,56219,33,47
1110,49265,23,3395
1111,45296,920,2604
1112,39437,151,5369
1113,49903,517,1355
1114,54754,0,1629
1115,54669,73,703
1116,51022,44,220
1117,55891,333,885
1118,47249,37,4216
1119,40826,78,1349
1120,45073,744,1405
1121,51293,1489,1230
1122,53587,219,781
1123,53484,214,646
1124,42824,268,1084
1125,46036,692,1911
1126,43250,376,2232
1127,56193,45,235
1128,47739,8,4768
1129,46880,15,3324
1130,47727,90,717
1131,51126,60,79
1132,49301,25,4343
1133,44804,11,4263
1134,43042,96,1179
1135,53938,71,1464
1136,49532,722,1459
1137,49308,62,2045
1138,43157,139,1851
1139,41322,63,759
1140,57081,14,67
1141,43317,351,6263
1142,48598,50,3551
1143,53704,180,972
1144,52140,626,263
1145,42381,195,2412
1146,52891,54,1561
1147,38218,1099,3775
1148,48400,83,1948
1149,47285,163,2244
1150,50934,1140,467
1151,52162,37,1481
1152,49951,7,2912
1153,41455,78,3148
1154,41061,26,1015
1155,57133,11,41
1156,48875,5,4697
1157,45039,11,3621
1158,55696,74,508
1159,53043,70,583
1160,49378,139,115
1161,55560,34,1607
1162,48060,336,1956
1163,40414,114,1567
1164,55058,134,185
1165,44540,1358,4091
1166,41772,202,1290
1167,50041,1610,1457
1168,47909,425,1873
1169,56891,1713,124
1170,44482,350,2922
1171,56774,59,449
1172,44165,287,2665
1173,56038,86,731
1174,54736,2,2163
1175,16707,1152,5354
1176,59532,2,0
1177,42704,299,3095
1178,40172,23,8735
1179,38815,260,7036
1180,43900,265,3416
1181,47109,117,3126
1182,33210,37,11339
1183,27400,176,11023
1184,58495,1,1021
1185,46226,240,2419
1186,36324,358,9322
1187,46766,46,2806
1188,37326,129,6676
1189,46813,159,3178
1190,26707,82,16483
1191,54054,1182,941
1192,33666,956,4809
1193,57570,23,1718
1194,54922,7,1977
1195,16097,983,5964
1196,59532,2,0
1197,42417,272,3382
1198,40965,36,7942
1199,38303,247,7548
1200,47092,132,3143
1201,33570,62,10979
1202,58904,14,313
1203,27406,139,11017
1204,58726,1,790
1205,46424,249,2221
1206,36442,319,9204
1207,46889,41,2683
1208,37211,104,6791
1209,46420,162,3571
1210,26930,112,16260
1211,33253,913,5222
1212,57684,33,1604
1213,42104,217,2374
1214,54657,5,2242
1215,16404,1372,5657
1216,59532,2,0
1217,42344,312,3455
1218,40990,28,7917
1219,37958,274,7893
1220,47144,116,3091
1221,33925,51,10624
1222,27451,186,10972
1223,58707,1,809
1224,42500,108,1787
1225,42092,36,2499
1226,46283,252,2362
1227,36898,274,8748
1228,46848,28,2724
1229,37519,94,6483
1230,46893,180,3098
1231,27232,169,15958
1232,33389,894,5086
1233,57518,37,1770
1234,54770,3,2129
1235,17140,1319,4921
1236,55425,54,305
1237,59532,2,0
1238,42648,314,3151
1239,40434,29,8473
1240,38151,291,7700
1241,47222,98,3013
1242,33121,53,11428
1243,27715,190,10708
1244,58621,1,895
1245,46331,215,2314
1246,36733,378,8913
1247,58615,0,406
1248,46852,46,2720
1249,37742,100,6260
1250,46931,161,3060
1251,27339,105,15851
1252,33273,773,5202
1253,57450,31,1838
1254,55026,5,1873
1255,16853,1117,5208
1256,59532,0,0
1257,42363,295,3436
1258,44003,178,2339
1259,40657,35,8250
1260,38138,259,7713
1261,47239,141,2996
1262,33202,36,11347
1263,26755,182,11668
1264,58327,1,1189
1265,46360,221,2285
1266,36039,296,9607
1267,47113,55,2459
1268,37384,110,6618
1269,50909,552,462
1270,47009,203,2982
1271,27114,98,16076
1272,33129,960,5346
1273,57429,39,1859
1274,54904,6,1995
1275,16415,1103,5646
1276,59528,0,4
1277,42013,306,3786
1278,39723,28,9184
1279,38354,245,7497
1280,59018,70,23
1281,47110,107,3125
1282,33622,33,10927
1283,27579,154,10844
1284,58472,0,1044
1285,46102,233,2543
1286,35773,360,9873
1287,46761,43,2811
1288,36994,89,7008
1289,46735,187,3256
1290,26414,62,16776
1291,50403,25,1446
1292,32809,913,5666
1293,57370,18,1918
1294,54877,5,2022
1295,16953,1378,5108
1296,59531,0,1
1297,42518,375,3281
1298,40280,24,8627
1299,37763,290,8088
1300,47131,94,3104
1301,33092,41,11457
1302,39718,1107,3334
1303,27430,134,10993
1304,58533,0,983
1305,46399,227,2246
1306,35776,352,9870
1307,47192,68,2380
1308,36997,123,7005
1309,46620,164,3371
1310,26469,91,16721
1311,32660,1002,5815
1312,57410,22,1878
1313,53664,49,973
1314,55008,4,1891
1315,16604,1071,5457
1316,59529,0,3
1317,42660,342,3139
1318,40770,26,8137
1319,38306,282,7545
1320,47098,112,3137
1321,33406,55,11143
1322,27499,174,10924
1323,58352,0,1164
1324,56443,1566,752
1325,46342,221,2303
1326,35678,285,9968
1327,47144,58,2428
1328,36859,119,7143
1329,47365,196,2626
1330,26668,103,16522
1331,32998,1003,5477
1332,57370,35,1918
1333,40026,190,4117
1334,55832,76,617
1335,57359,38,636
1336,58439,0,498
1337,56584,1374,547
1338,55017,76,1023
1339,57810,1151,216
1340,44102,227,2314
1341,54061,170,1155
1342,59097,5,141
1343,47407,73,3010
1344,55525,111,644
1345,45289,145,4227
1346,56463,47,519
1347,46390,63,2541
1348,45607,174,1788
1349,49403,42,4276
1350,46497,132,1798
1351,55944,25,514
1352,58215,4,754
1353,48691,213,1373
1354,32316,1780,6298
1355,47735,206,1291
1356,47075,1540,1487
1357,45233,147,2073
1358,58578,0,920
1359,48616,1272,944
1360,46391,76,2100
1361,53745,142,1184
1362,57840,981,294
1363,43658,191,1599
1364,51839,222,436
1365,57907,44,979
1366,50758,661,664
1367,56495,4,2488
1368,50483,222,1011
1369,56572,27,728
1370,49350,1,4468
1371,52092,108,1147
1372,55264,0,1290
1373,45544,47,5627
1374,54913,2681,342
1375,38152,4885,6760
1376,58503,82,184
1377,57779,39,609
1378,49715,150,1308
1379,58365,38,422
1380,46690,124,2265
1381,51496,89,564
1382,49593,1163,783
1383,48049,110,1581
1384,51803,211,433
1385,57521,1350,251
1386,42681,266,1691
1387,58272,1261,3
1388,41864,265,1396
1389,58135,1298,103
1390,41677,255,1713
1391,49277,1378,1344
1392,58099,1396,28
1393,39220,136,4859
1394,53236,95,1646
1395,59435,0,47
1396,46494,1293,2342
1397,59020,11,116
1398,43591,1577,1894
1399,54321,100,4040
1400,43491,2983,1973
1401,56546,47,588
1402,46364,77,2714
1403,58782,13,516
1404,51390,210,628
1405,49588,1702,569
1406,48472,163,1539
1407,50349,356,624
1408,49144,105,1459
1409,47897,125,1251
1410,48497,161,1016
1411,49845,121,1209
1412,48107,298,1306
1413,51225,82,854
1414,51086,79,1852
1415,58132,1331,35
1416,34914,2718,6573
1417,43110,1608,4899
1418,42865,361,1673
1419,56147,84,448
1420,42195,274,2053
1421,55354,58,999
1422,59287,2,113
1423,48501,132,2116
1424,58081,0,314
1425,56647,131,667
1426,59117,22,389
1427,51608,760,818
1428,49816,1489,411
1429,50476,138,732
1430,47464,1503,972
1431,49386,208,1257
1432,44794,1500,3363
1433,49866,71,1467
1434,47950,1485,917
1435,39998,145,3595
1436,46501,346,1209
1437,47768,827,2298
1438,39956,211,4187
1439,55891,77,558
1440,56759,1402,372
1441,54996,60,1044
1442,57522,1197,504
1443,43991,215,2425
1444,53920,171,1296
1445,59107,6,131
1446,35977,718,4580
1447,49170,501,665
1448,47410,72,3007
1449,55359,96,810
1450,45246,133,4270
1451,56449,47,533
1452,45540,131,1855
1453,49375,48,4304
1454,46529,132,1766
1455,55950,23,508
1456,58218,5,751
1457,48681,157,1383
1458,59319,0,100
1459,32370,1725,6244
1460,47825,214,1201
1461,46885,1524,1677
1462,45185,178,2121
1463,48361,1233,1199
1464,46401,71,2090
1465,53730,153,1199
1466,57726,980,408
1467,43799,178,1458
1468,51854,193,421
1469,50282,33,1726
1470,57885,27,1001
1471,50784,416,638
1472,56429,2,2554
1473,50400,186,1094
1474,49286,0,4532
1475,52002,114,1237
1476,55151,0,1403
1477,45515,51,5656
1478,54946,2670,309
1479,38144,4826,6768
1480,42510,1387,2436
1481,58510,80,177
1482,57790,37,598
1483,49576,214,1447
1484,58355,26,432
1485,51441,81,619
1486,49420,1055,956
1487,48158,104,1472
1488,51789,223,447
1489,57496,1362,276
1490,42528,259,1844
1491,48905,373,874
1492,58259,1261,16
1493,41954,228,1306
1494,58159,1298,79
1495,41710,266,1680
1496,58094,1396,33
1497,39271,138,4808
1498,53076,90,1806
1499,59436,0,46
1500,46440,1171,2396
1501,52731,39,796
1502,57319,1382,116
1503,31448,148,13580
1504,26987,174,8028
1505,47945,276,601
1506,43399,469,5229
1507,38158,376,4387
1508,17925,129,14932
1509,54639,31,135
1510,40686,288,9192
1511,43494,101,4571
1512,39371,40,1870
1513,58118,103,238
1514,47550,132,397
1515,51991,400,1552
1516,24988,138,17889
1517,28066,197,3954
1518,54658,168,132
1519,43784,3200,2676
1520,40001,141,4053
1521,35748,176,3763
1522,58600,44,63
1523,44835,10,8076
1524,45586,110,1732
1525,43486,31,6646
1526,38016,531,1932
1527,49963,61,173
1528,52592,97,795
1529,25881,55,19081
1530,23429,289,8263
1531,48644,708,956
1532,41790,529,6592
1533,39365,225,4874
1534,21864,70,12775
1535,42493,69,3311
1536,53594,62,96
1537,39558,378,9098
1538,40902,51,9128
1539,37584,251,2170
1540,47948,82,248
1541,49470,9,2788
1542,29990,211,18375
1543,37659,778,2268
1544,53999,190,421
1545,48078,96,4363
1546,54090,523,1053
1547,35144,2294,5534
1548,34653,51,5373
1549,58084,9,124
1550,38892,655,8390
1551,44600,199,5388
1552,37769,187,1990
1553,49715,30,385
1554,50407,80,2414
1555,25931,117,14358
1556,22639,305,10644
1557,42271,302,2947
1558,57092,0,2438
1559,50067,667,683
1560,40910,531,5419
1561,38523,78,8552
1562,20769,47,12894
1563,53592,57,84
1564,43084,46,6796
1565,43149,137,5096
1566,45175,322,2443
1567,52028,53,127
1568,50294,36,1068
1569,41496,98,3673
1570,28190,32,20079
1571,39186,270,2100
1572,53490,73,743
1573,47733,17,4308
1574,38942,181,4240
1575,19664,103,13564
1576,55718,33,109
1577,41822,206,7759
1578,41374,69,8954
1579,38802,106,1953
1580,56311,13,369
1581,48485,191,292
1582,51468,14,2036
1583,29656,148,12003
1584,26484,166,7665
1585,50099,172,468
1586,39921,1213,5656
1587,38797,1066,5796
1588,22201,68,10416
1589,53842,26,128
1590,41976,1543,7123
1591,57575,3,1460
1592,42280,150,6360
1593,44916,569,2480
1594,52438,133,109
1595,48680,487,2410
1596,27886,27,19200
1597,38961,118,2760
1598,49023,270,561
1599,40308,1367,4422
1600,39546,223,4484
1601,17969,28,15416
1602,46520,64,2056
1603,54855,8,187
1604,41483,197,8789
1605,40292,134,7198
1606,39586,131,957
1607,47585,76,251
1608,51794,95,1489
1609,26150,16,17257
1610,24084,380,8523
1611,50532,217,378
1612,43595,332,5469
1613,59168,36,176
1614,39631,333,4310
1615,33300,419,4370
1616,57880,16,107
1617,44328,102,8747
1618,43564,78,7049
1619,45753,305,2859
1620,52101,23,205
1621,52562,33,965
1622,31457,134,13571
1623,26668,153,8347
1624,57279,0,637
1625,47914,203,632
1626,43396,426,5232
1627,38636,373,3909
1628,18141,102,14716
1629,54661,31,113
1630,40734,311,9144
1631,43620,180,4445
1632,39667,45,1574
1633,47554,139,393
1634,51947,362,1596
1635,43234,26,2791
1636,24733,156,18144
1637,27778,178,4242
1638,54627,114,163
1639,43377,3329,3083
1640,39661,139,4393
1641,35623,199,3888
1642,58601,45,62
1643,45735,6,7176
1644,43136,23,6996
1645,37755,467,2193
1646,50333,78,1391
1647,49948,63,188
1648,52521,165,866
1649,26324,49,18638
1650,23650,259,8042
1651,48720,470,880
1652,42323,619,6059
1653,39021,246,5218
1654,22358,74,12281
1655,53594,59,96
1656,39929,412,8727
1657,46457,144,1990
1658,41260,55,8770
1659,37389,244,2365
1660,47938,88,258
1661,49627,15,2631
1662,30176,144,18189
1663,37461,468,2466
1664,54000,266,420
1665,47836,96,4605
1666,34793,2325,5885
1667,34861,49,5165
1668,54896,442,508
1669,46786,371,949
1670,58119,13,89
1671,38657,655,8625
1672,45091,211,4897
1673,37786,181,1973
1674,49713,25,387
1675,50442,101,2379
1676,25668,111,14621
1677,22943,319,10340
1678,50027,665,723
1679,40651,597,5678
1680,55217,1211,900
1681,38120,67,8955
1682,20688,49,12975
1683,53571,54,105
1684,43741,53,6139
1685,43380,144,4865
1686,44894,361,2724
1687,52031,59,124
1688,50408,43,954
1689,27716,30,20553
1690,39097,260,2189
1691,58862,30,186
1692,53512,153,721
1693,48793,44,3248
1694,40386,265,4163
1695,46986,1556,1409
1696,44419,175,2399
1697,48748,1137,1325
1698,46772,99,1937
1699,54359,147,1158
1700,58015,1006,165
1701,42547,250,1894
1702,42802,255,2027
1703,51341,285,486
1704,57833,28,974
1705,50712,268,698
1706,56267,3,2738
1707,50682,202,1165
1708,49950,3,4419
1709,51739,126,1646
1710,55053,0,1569
1711,45546,64,5497
1712,54528,2685,449
1713,40658,151,2404
1714,38468,4710,6847
1715,58653,46,528
1716,42718,2053,1885
1717,54310,147,4193
1718,43846,2831,1766
1719,56696,35,566
1720,58840,8,520
1721,51229,202,652
1722,48926,1706,518
1723,48147,226,1736
1724,53852,95,1938
1725,50448,352,553
1726,48835,145,1256
1727,48316,128,1149
1728,48269,190,928
1729,49567,148,1547
1730,47912,198,1259
1731,51526,120,1716
1732,57980,1374,56
1733,34755,2406,6971
1734,42709,1612,5004
1735,58612,0,457
1736,55862,107,465
1737,56854,1349,336
1738,54525,60,1181
1739,57216,1070,562
1740,43337,264,2210
1741,54216,170,1289
1742,59361,9,60
1743,46766,78,3150
1744,55637,131,619
1745,46338,194,3262
1746,42531,115,2691
1747,56700,49,575
1748,44847,175,1754
1749,49336,53,4216
1750,46379,177,1742
1751,55846,42,597
1752,58191,12,882
1753,48591,208,1455
1754,32043,1730,5917
1755,47809,166,1796
1756,58063,48,417
1757,52636,99,1284
1758,49225,325,1434
1759,58637,30,385
1760,51820,111,521
1761,49741,1301,881
1762,48133,125,1568
1763,51331,345,469
1764,57372,1540,296
1765,42867,329,1557
1766,58112,1421,3
1767,41272,265,1437
1768,59331,0,52
1769,58386,1046,104
1770,41615,266,1511
1771,58077,1430,24
1772,36720,132,6082
1773,53499,104,1692
1774,59262,0,191
1775,45916,1559,2278
1776,41760,588,1743
1777,56259,122,379
1778,42488,309,1878
1779,42773,936,2189
1780,48610,83,3553
1781,55157,71,1002
1782,59307,1,126
1783,47261,109,2322
1784,56789,157,733
1785,58974,22,467
1786,51177,569,822
1787,49329,1709,392
1788,50044,210,599
1789,47581,1270,1003
1790,49221,224,1637
1791,41859,215,2788
1792,45032,1526,3090
1793,48887,91,1858
1794,48310,1510,873
1795,46442,366,1046
1796,47374,1007,2168
1797,40450,292,4099
1798,46946,1563,1449
1799,44257,195,2561
1800,48959,1192,1114
1801,46642,66,2067
1802,56000,41,422
1803,54309,166,1208
1804,58043,1106,137
1805,42663,257,1778
1806,51336,309,491
1807,57718,23,1089
1808,50737,243,673
1809,56324,3,2681
1810,50777,201,1070
1811,49602,0,4767
1812,51954,160,1431
1813,56932,1605,185
1814,55091,0,1531
1815,45463,64,5580
1816,54503,2705,474
1817,38255,4573,7060
1818,58389,46,792
1819,42776,2086,1827
1820,54227,139,4276
1821,43666,2859,1946
1822,56705,25,557
1823,58834,8,526
1824,42011,286,2698
1825,51319,204,562
1826,48825,1739,619
1827,48380,223,1503
1828,50472,331,529
1829,48900,151,1191
1830,48220,122,1245
1831,48220,194,977
1832,49460,155,1654
1833,47937,189,1234
1834,51437,111,1805
1835,56013,97,492
1836,57990,1386,46
1837,34753,2393,6973
1838,42743,1597,4970
1839,55885,109,442
1840,56879,1343,311
1841,54723,70,983
1842,57134,1057,644
1843,43386,254,2161
1844,54266,224,1239
1845,59363,6,58
1846,58850,0,483
1847,46646,98,3270
1848,55629,109,627
1849,45773,185,3827
1850,56660,48,615
1851,44768,162,1833
1852,49231,46,4321
1853,46395,171,1726
1854,55699,28,744
1855,58149,6,924
1856,48564,207,1482
1857,45038,280,1837
1858,32113,1765,5847
1859,46635,81,2873
1860,51818,132,696
1861,58280,1,213
1862,40257,162,2947
1863,48677,419,877
1864,59175,0,266
1865,50102,55,1681
1866,42531,1014,2756
1867,48980,388,812
1868,59053,0,121
1869,57269,1625,118
1870,58157,9,306
1871,44841,148,2064
1872,42496,92,2756
1873,53871,675,1000
1874,56870,0,2583
1875,42125,159,3401
1876,56442,32,306
1877,57807,9,1348
1878,45859,70,2076
1879,42631,153,1404
1880,58875,50,544
1881,57743,0,509
1882,42259,27,2789
1883,49695,92,1520
1884,46041,132,2287
1885,45979,326,1100
1886,54869,1417,1012
1887,58942,44,159
1888,41943,342,1936
1889,40383,180,2418
1890,50534,352,1378
1891,44468,81,2654
1892,53570,111,1856
1893,58347,0,403
1894,41698,216,2841
1895,52447,207,950
1896,59186,0,107
1897,47609,172,3892
1898,40576,228,3292
1899,55947,52,351
1900,56698,1620,245
1901,40760,282,3024
1902,53432,75,1817
1903,55833,86,685
1904,58906,0,472
1905,46117,425,1384
1906,58746,7,148
1907,42001,186,1955
1908,42872,143,3150
1909,53192,81,1967
1910,59033,0,336
1911,42241,283,2581
1912,49589,543,825
1913,59052,4,334
1914,58765,54,161
1915,49269,28,1579
1916,40308,1188,3956
1917,50888,737,1090
1918,57748,1341,254
1919,58336,2,398
1920,45491,266,2069
1921,43509,241,2232
1922,50721,434,1604
1923,41828,127,2904
1924,42404,263,2704
1925,55593,81,864
1926,56295,1915,227
1927,43024,495,1983
1928,56484,54,276
1929,38351,285,2661
1930,50540,236,1003
1931,59353,0,100
1932,50335,8,1934
1933,44758,62,2603
1934,47229,402,1571
1935,49342,567,552
1936,56305,1430,185
1937,58683,16,327
1938,44982,210,1836
1939,41019,313,4016
1940,54699,172,654
1941,59152,0,289
1942,41082,261,3352
1943,53764,33,1063
1944,59215,30,151
1945,54970,0,1457
1946,58827,49,185
1947,46652,760,1264
1948,49220,934,1404
1949,37426,371,4646
1950,55697,108,396
1951,56822,938,216
1952,43386,201,3801
1953,54448,1109,1020
1954,58961,7,304
1955,42118,282,2127
1956,41898,67,2639
1957,49909,23,1590
1958,55533,61,200
1959,58544,0,337
1960,43446,255,2261
1961,50883,554,441
1962,59048,15,41
1963,50159,38,1338
1964,39221,964,3624
1965,53560,52,1036
1966,55983,1868,840
1967,58622,2,491
1968,40382,1410,3447
1969,46389,83,2364
1970,58603,0,905
1971,56634,18,787
1972,46850,161,2066
1973,48918,602,1409
1974,46520,78,2988
1975,51766,126,748
1976,58285,0,208
1977,40129,195,3075
1978,48619,421,935
1979,51511,804,1283
1980,59165,0,276
1981,50054,47,1729
1982,42508,876,2779
1983,49043,367,749
1984,57284,1633,103
1985,58199,30,264
1986,44924,177,1981
1987,42480,113,2772
1988,53988,754,883
1989,56882,0,2571
1990,57734,1530,70
1991,42248,146,3278
1992,56460,29,288
1993,57726,10,1429
1994,45649,89,2286
1995,58895,46,524
1996,57768,0,484
1997,42262,45,2786
1998,49697,95,1518
1999,46153,126,2175
2000,46031,339,1048
2001,35841,90,5281
2002,58199,1,333
2003,54991,1415,890
2004,58860,36,241
2005,41846,282,2033
2006,40511,191,2290
2007,53792,122,1634
2008,58325,0,425
2009,41832,211,2707
2010,52443,238,954
2011,59183,0,110
2012,47683,131,3818
2013,45294,224,1909
2014,40445,225,3423
2015,55935,57,363
2016,56763,1654,180
2017,40991,368,2793
2018,55956,107,562
2019,58797,0,581
2020,46195,501,1306
2021,58744,5,150
2022,42242,194,1714
2023,42986,152,3036
2024,44265,152,2237
2025,53282,85,1877
2026,59035,0,334
2027,42101,348,2721
2028,49791,542,623
2029,58747,67,179
2030,49304,31,1544
2031,40528,1301,3736
2032,50908,750,1070
2033,57787,1358,215
2034,58361,1,373
2035,51486,333,1448
2036,45374,255,2186
2037,43766,208,1975
2038,50878,473,1447
2039,41924,170,2808
2040,55648,92,809
2041,56261,1892,261
2042,43218,560,1789
2043,56454,49,306
2044,41737,246,2300
2045,56385,8,826
2046,41902,117,2361
2047,38972,125,6253
2048,25021,292,3284
2049,40999,211,1568
2050,56745,7,1797
2051,33175,644,7106
2052,42624,302,1865
2053,59534,2,0
2054,41666,191,3469
2055,54044,473,635
2056,41754,1138,2551
2057,55707,86,810
2058,49414,302,2558
2059,34384,75,6649
2060,42185,218,2262
2061,30749,599,3264
2062,40202,129,2968
2063,57227,0,1591
2064,34680,7,10701
2065,38263,607,3073
2066,25897,582,2002
2067,59033,0,122
2068,56651,1649,302
2069,49692,39,2393
2070,42355,1053,1366
2071,49889,247,1993
2072,42419,537,1353
2073,56667,94,910
2074,54777,83,956
2075,44285,747,2137
2076,49213,413,1576
2077,33978,157,6479
2078,38096,973,5127
2079,42274,365,2134
2080,25020,148,3016
2081,59100,6,112
2082,49783,90,1698
2083,34082,566,6754
2084,42240,592,2119
2085,55463,80,552
2086,39191,1667,1717
2087,54919,70,1164
2088,42883,1036,3108
2089,30673,589,2556
2090,56313,51,390
2091,42506,249,1855
2092,57181,124,686
2093,54884,1019,411
2094,42878,803,2506
2095,49346,149,2220
2096,33484,236,6922
2097,42268,191,1492
2098,56119,5,1155
2099,59293,0,80
2100,49873,478,1775
2101,55632,196,1556
2102,41903,151,1939
2103,56779,6,1197
2104,33605,468,6813
2105,56738,95,668
2106,34206,244,3390
2107,42350,249,1219
2108,31466,445,2598
2109,42025,368,1936
2110,56930,25,972
2111,54077,737,675
2112,42883,181,1654
2113,54648,9,727
2114,59013,0,181
2115,48573,94,2421
2116,39788,147,2131
2117,42539,523,1166
2118,56209,10,621
2119,37847,1099,2342
2120,28076,281,3502
2121,59253,0,115
2122,29264,763,2908
2123,59080,0,223
2124,35951,909,1182
2125,49828,366,1455
2126,32117,330,8765
2127,42779,399,1233
2128,29958,767,3479
2129,42205,191,2277
2130,41766,277,2271
2131,56448,19,763
2132,38388,109,6837
2133,24530,319,3775
2134,41008,261,1559
2135,54742,7,2527
2136,56726,5,1816
2137,33196,525,7085
2138,42545,226,1944
2139,59534,2,0
2140,41674,214,3461
2141,54114,528,565
2142,41557,1146,2748
2143,49623,294,2349
2144,34342,61,6691
2145,42460,189,1987
2146,34648,647,1254
2147,31373,654,2640
2148,39986,126,3184
2149,57374,0,1444
2150,34571,1,10810
2151,38375,425,2961
2152,25890,480,2009
2153,59041,0,114
2154,49057,23,3028
2155,42587,1096,1134
2156,49760,235,2122
2157,34623,3684,867
2158,42594,527,1178
2159,56646,81,931
2160,54816,112,917
2161,44040,771,2382
2162,49111,404,1678
2163,33800,176,6657
2164,38131,830,5092
2165,24833,133,3203
2166,59112,9,100
2167,49860,84,1621
2168,42432,892,1148
2169,33857,464,6979
2170,42431,652,1928
2171,55508,81,507
2172,39139,1699,1769
2173,54986,54,1097
2174,42781,966,3210
2175,30585,619,2644
2176,42637,262,1724
2177,57203,128,664
2178,54898,1161,397
2179,47148,282,3158
2180,42778,812,2606
2181,49333,168,2233
2182,54986,54,1378
2183,32335,56,9948
2184,34042,430,3131
2185,47530,584,1371
2186,40452,1506,2188
2187,38746,366,2497
2188,29276,38,5109
2189,56070,17,116
2190,44966,325,1526
2191,44714,296,3821
2192,45171,165,3486
2193,42362,2379,110
2194,49752,57,153
2195,53464,130,798
2196,35643,40,9563
2197,33711,147,2185
2198,48567,1017,549
2199,43405,204,3892
2200,40721,367,2124
2201,47387,337,2174
2202,27558,98,5443
2203,55189,33,117
2204,44890,232,3178
2205,47505,72,2579
2206,40458,1142,1191
2207,50437,42,230
2208,54344,296,1134
2209,29687,32,12591
2210,34613,1210,2835
2211,47895,444,1061
2212,28669,394,6868
2213,40677,893,2157
2214,39042,445,2095
2215,28538,138,4964
2216,56026,11,116
2217,44297,147,4381
2218,45448,194,3934
2219,42480,1378,215
2220,49654,142,175
2221,53400,147,874
2222,37941,57,6922
2223,26042,275,1851
2224,30935,737,2677
2225,56377,68,1230
2226,34664,237,1669
2227,48960,210,879
2228,42762,379,6324
2229,40967,116,2954
2230,29622,211,3546
2231,55533,13,115
2232,44982,71,4088
2233,45108,138,3094
2234,40843,1213,952
2235,50392,78,238
2236,59470,0,46
2237,55405,74,460
2238,31984,188,9968
2239,33987,1420,1947
2240,48487,330,987
2241,40699,429,3343
2242,38210,173,1561
2243,29158,146,4543
2244,55965,22,64
2245,46059,246,2962
2246,47337,312,2430
2247,46333,555,2728
2248,43025,483,274
2249,49354,31,222
2250,52900,51,1440
2251,34942,30,10133
2252,32784,329,2458
2253,49785,150,823
2254,43381,336,3611
2255,36471,379,3104
2256,24795,28,6730
2257,56548,11,145
2258,59385,15,12
2259,45911,524,2300
2260,43415,85,3852
2261,42385,506,925
2262,49889,97,201
2263,54418,54,669
2264,30133,109,12984
2265,32665,1533,2559
2266,49210,468,552
2267,41434,103,5216
2268,37553,213,2241
2269,47932,116,2232
2270,30297,118,3344
2271,55761,48,74
2272,45147,169,3433
2273,47216,93,2760
2274,42082,1175,188
2275,49164,52,151
2276,52581,171,947
2277,37216,76,8630
2278,32831,441,1978
2279,47941,408,1082
2280,59353,31,27
2281,40591,491,3068
2282,37462,247,4114
2283,28882,49,5829
2284,56508,16,141
2285,45132,348,3080
2286,44905,321,2211
2287,43107,1329,151
2288,49814,23,230
2289,53733,141,539
2290,32377,41,12110
2291,41689,1572,980
2292,32865,771,2359
2293,49593,297,822
2294,43926,262,3040
2295,38744,119,2010
2296,28811,132,4157
2297,55468,40,90
2298,44806,244,5952
2299,45098,138,4897
2300,40214,780,307
2301,49861,67,151
2302,28076,2576,3692
2303,55261,46,1103
2304,31390,45,10893
2305,34592,399,2581
2306,47517,523,1384
2307,40491,1628,2149
2308,38745,363,2498
2309,29234,48,5151
2310,56085,15,101
2311,44313,260,4222
2312,44990,175,3667
2313,59457,7,61
2314,42374,2386,98
2315,49774,55,131
2316,53322,126,940
2317,34805,37,10401
2318,33423,208,2473
2319,48477,849,639
2320,43531,261,3766
2321,40775,332,2070
2322,27519,97,5482
2323,55199,31,107
2324,34319,3551,1240
2325,44961,282,3107
2326,47101,80,2983
2327,40497,1096,1152
2328,50436,34,231
2329,54261,290,1217
2330,29998,11,12280
2331,34435,846,3013
2332,47881,414,1075
2333,40997,806,1837
2334,39110,437,2027
2335,40064,146,2863
2336,38383,2878,1313
2337,28412,156,5090
2338,56029,13,113
2339,44661,153,4017
2340,45654,212,3728
2341,42484,1447,211
2342,49658,145,171
2343,53090,150,1184
2344,38371,59,6492
2345,34570,181,1763
2346,48916,206,923
2347,46261,632,2308
2348,42686,376,6400
2349,41014,134,2907
2350,29711,252,3457
2351,55537,36,111
2352,45318,62,3752
2353,45039,132,3163
2354,41086,1219,709
2355,50394,92,236
2356,55463,100,402
2357,31753,190,10199
2358,28285,430,8751
2359,33908,1279,2026
2360,48502,287,972
2361,40784,501,3258
2362,38038,160,1733
2363,29050,122,4651
2364,55953,17,76
2365,46182,277,2839
2366,47581,326,2186
2367,43013,446,286
2368,49337,33,239
2369,55973,75,1012
2370,53064,59,1276
2371,35029,29,10046
2372,32886,320,2356
2373,49702,126,906
2374,43424,391,3568
2375,28360,236,9420
2376,55637,97,1374
2377,59329,27,79
2378,43278,2473,306
2379,53525,141,383
2380,35101,463,10165
2381,57791,0,1021
2382,53510,8,493
2383,35099,622,6220
2384,52775,29,3638
2385,42468,914,4396
2386,48622,427,2523
2387,38484,2599,1089
2388,44572,673,3034
2389,27281,756,9711
2390,56124,315,942
2391,58806,4,493
2392,35367,49,10052
2393,43120,2002,1876
2394,59400,0,95
2395,44618,917,1066
2396,53548,219,207
2397,31896,2951,872
2398,36416,574,1408
2399,59451,0,47
2400,34395,2239,1019
2401,59157,23,296
2402,37215,326,2497
2403,39120,700,2105
2404,40042,2448,1083
2405,55762,246,1048
2406,27726,615,7954
2407,54816,277,1970
2408,58595,4,629
2409,44001,345,1255
2410,54174,45,1528
2411,30088,5568,823
2412,53733,4,4033
2413,32060,1156,1735
2414,26530,599,1381
2415,36033,502,1405
2416,45094,341,1034
2417,46127,148,3752
2418,44158,881,694
2419,45358,178,2474
2420,44867,138,1115
2421,46677,69,3178
2422,32447,158,7679
2423,42886,1578,482
2424,58341,30,564
2425,59158,0,109
2426,42755,1647,560
2427,54185,18,1376
2428,33559,1775,873
2429,37526,964,1099
2430,59518,1,9
2431,36790,424,2252
2432,44400,384,1266
2433,46408,330,2372
2434,27477,80,10955
2435,56279,18,1545
2436,50390,55,1877
2437,25672,411,5084
2438,56745,13,1309
2439,28992,81,10295
2440,55725,232,1463
2441,54820,12,555
2442,35879,761,1254
2443,54734,8,2535
2444,34723,559,1179
2445,34606,3599,884
2446,41989,840,1591
2447,42848,904,1260
2448,46968,346,3338
2449,45050,365,1442
2450,47406,360,2155
2451,27910,404,7627
2452,56418,81,1189
2453,59432,0,84
2454,46172,524,2889
2455,59382,12,15
2456,47714,86,2450
2457,59356,42,24
2458,57291,295,137
2459,41500,1807,1169
2460,28193,2581,3575
2461,59456,5,62
2462,34326,3435,1233
2463,38352,2658,1344
2464,46073,626,2496
2465,28504,607,8532
2466,55744,61,1241
2467,28892,315,8888
2468,55552,79,1459
2469,41758,307,1291
2470,36042,443,2425
2471,59317,28,91
2472,43257,2525,327
2473,53580,201,328
2474,34966,408,10300
2475,53533,13,470
2476,34856,551,6463
2477,52863,43,3550
2478,42130,1099,4734
2479,48828,396,2317
2480,38538,2502,1035
2481,42774,281,937
2482,44477,662,3129
2483,27648,1020,9344
2484,56118,151,948
2485,58855,6,444
2486,43170,1810,1826
2487,59383,0,112
2488,44615,726,1069
2489,53583,340,172
2490,31807,2960,961
2491,36426,623,1398
2492,31053,518,2355
2493,59448,0,50
2494,34318,2068,1096
2495,59151,23,302
2496,36635,314,3077
2497,50360,3455,179
2498,48872,1935,807
2499,59359,12,17
2500,40717,2736,214
2501,55746,972,232
2502,58555,627,14
2503,42971,431,1296
2504,42269,3727,474
2505,50321,748,839
2506,38698,45,6916
2507,27950,9,6261
2508,28034,264,3199
2509,56054,13,179
2510,41881,58,3695
2511,41371,42,5614
2512,37314,66,1525
2513,50395,14,252
2514,57336,73,502
2515,54891,20,1914
2516,38321,78,4398
2517,37133,1103,1962
2518,47900,419,908
2519,38235,143,4769
2520,42543,4355,704
2521,59278,11,35
2522,51871,2249,204
2523,49037,2640,513
2524,59527,4,2
2525,54669,805,365
2526,41538,1757,444
2527,56343,508,226
2528,39826,65,7741
2529,33141,198,10741
2530,38611,41,1886
2531,49222,47,597
2532,53401,6,2537
2533,37928,48,4920
2534,37887,616,1904
2535,49454,182,911
2536,59100,0,169
2537,38372,142,5349
2538,33381,684,3726
2539,25553,1264,4402
2540,56245,2,143
2541,41648,87,5793
2542,42456,490,3884
2543,58285,400,256
2544,53467,3499,64
2545,42086,4856,629
2546,59399,41,24
2547,50225,92,1465
2548,50972,2275,215
2549,50627,1328,492
2550,53716,0,2197
2551,34887,218,6191
2552,35021,232,3598
2553,49662,365,660
2554,37603,316,5077
2555,32273,81,3342
2556,28827,698,2524
2557,56734,0,172
2558,40824,143,1927
2559,40592,154,6765
2560,44015,19,3422
2561,38254,45,1771
2562,50141,14,188
2563,54910,19,1885
2564,38542,590,4592
2565,35928,646,2351
2566,57756,1471,1
2567,39877,4238,401
2568,55684,3192,125
2569,43095,654,825
2570,54839,2069,25
2571,42516,4189,698
2572,59411,99,4
2573,28611,113,5943
2574,26703,275,3880
2575,56154,13,129
2576,39335,234,5206
2577,35165,375,8402
2578,36410,80,1689
2579,50284,25,422
2580,57308,4,1355
2581,56064,2,720
2582,54451,19,2135
2583,38993,27,4450
2584,38489,627,1780
2585,49091,147,1043
2586,35894,102,8405
2587,31647,622,5847
2588,26227,924,5033
2589,55714,7,177
2590,38810,3548,295
2591,55747,847,251
2592,37977,1358,1788
2593,57665,1547,1
2594,41476,3575,124
2595,57239,1569,83
2596,54533,2514,8
2597,40196,97,1313
2598,49642,20,416
2599,52936,48,2188
2600,35348,348,5802
2601,35241,191,3276
2602,49632,164,1010
2603,28324,421,3330
2604,38908,128,4152
2605,31857,26,4366
2606,26346,919,2836
2607,56518,1,155
2608,37581,37,10613
2609,37133,38,9473
2610,39335,32,2417
2611,49577,22,266
2612,50363,3544,176
2613,48908,1989,771
2614,59251,0,137
2615,59358,14,18
2616,40696,2788,235
2617,55760,965,218
2618,58566,653,3
2619,42279,3761,464
2620,50388,703,772
2621,38597,45,7017
2622,28227,20,5984
2623,28125,273,3108
2624,56046,12,187
2625,50759,495,1158
2626,41636,73,3940
2627,41531,48,5454
2628,37418,60,1421
2629,50388,16,259
2630,55301,17,1504
2631,38271,84,4448
2632,36987,1162,2108
2633,47935,381,873
2634,37884,133,5120
2635,42563,4232,684
2636,42365,611,1204
2637,59275,8,38
2638,51848,2299,227
2639,49050,2665,500
2640,59526,3,3
2641,41535,1920,447
2642,56325,501,244
2643,39406,53,8161
2644,33598,212,10284
2645,38525,59,1972
2646,49140,37,679
2647,57168,255,435
2648,53322,4,2616
2649,38214,68,4634
2650,37553,551,2238
2651,49454,178,911
2652,38536,146,5185
2653,33043,658,4064
2654,25094,1202,4861
2655,56259,5,129
2656,41573,84,5868
2657,42260,608,4080
2658,55031,303,790
2659,58278,384,263
2660,53472,3584,59
2661,42092,4709,623
2662,59398,39,25
2663,50955,2422,232
2664,50634,1255,485
2665,53945,3,1968
2666,35043,219,6035
2667,35108,264,3511
2668,49638,256,684
2669,44815,954,1534
2670,37899,308,4781
2671,32103,76,3512
2672,28929,656,2422
2673,56748,1,158
2674,40797,127,6560
2675,43935,22,3502
2676,38269,48,1756
2677,50146,17,183
2678,55019,6,1776
2679,38693,611,4441
2680,50040,426,1587
2681,35940,618,2339
2682,55626,0,1935
2683,20949,3007,2006
2684,55992,0,1578
2685,24906,122,10874
2686,56920,35,1143
2687,24350,160,13244
2688,37169,164,5130
2689,52102,23,3162
2690,59192,1,199
2691,35463,1367,5474
2692,35246,190,5432
2693,51209,24,2936
2694,35409,1422,3728
2695,58840,1,637
2696,37480,394,3015
2697,58736,2,771
2698,33785,1560,4789
2699,58543,0,991
2700,36226,1611,2298
2701,58455,18,941
2702,45394,1914,875
2703,38518,902,5058
2704,58558,11,872
2705,46710,167,2325
2706,59460,6,27
2707,46510,264,1890
2708,53110,4,2767
2709,59210,12,197
2710,36495,380,2070
2711,58685,0,655
2712,34469,1076,3635
2713,59305,7,204
2714,25599,215,2712
2715,51351,411,1621
2716,59358,4,134
2717,51637,203,942
2718,58959,21,358
2719,51646,13,2692
2720,58958,49,308
2721,52981,5,3223
2722,33812,1118,1726
2723,52675,53,2585
2724,33228,1494,2059
2725,59115,7,95
2726,52227,9,855
2727,35863,648,3313
2728,34990,591,2300
2729,59006,18,182
2730,52796,18,1488
2731,36504,652,2252
2732,52158,72,1568
2733,58446,9,445
2734,34130,3592,1360
2735,58116,6,498
2736,49965,53,1473
2737,36696,299,2865
2738,58327,10,159
2739,37701,613,1819
2740,58521,2,487
2741,38228,1300,1123
2742,59134,19,158
2743,35015,507,3170
2744,59073,0,94
2745,35178,255,3209
2746,59464,10,18
2747,35652,1182,5995
2748,43596,258,4938
2749,37419,151,1715
2750,47095,42,1568
2751,38545,259,5277
2752,59530,5,1
2753,34342,2490,2073
2754,53291,5,1690
2755,37533,203,1274
2756,53117,18,1226
2757,35833,433,1287
2758,42058,922,1914
2759,52726,210,669
2760,35805,901,1388
2761,53139,353,956
2762,45173,242,1213
2763,42138,1543,1541
2764,45005,289,1208
2765,44345,20,5039
2766,44380,337,1147
2767,47900,138,2580
2768,40219,182,4847
2769,55308,167,411
2770,34214,534,3819
2771,59087,3,444
2772,47821,322,825
2773,41086,544,5060
2774,48098,48,1321
2775,40979,237,4086
2776,49342,194,859
2777,38169,444,4357
2778,49128,377,737
2779,42288,298,3719
2780,39647,1691,699
2781,55698,0,1863
2782,20714,2658,2241
2783,56036,0,1534
2784,25157,141,10623
2785,56941,43,1122
2786,23462,131,14132
2787,36698,130,5601
2788,52217,19,3047
2789,59170,0,221
2790,51198,11,2947
2791,29651,723,2580
2792,34852,1089,4285
2793,58733,1,744
2794,36878,346,3617
2795,58806,1,701
2796,33397,1580,5177
2797,58595,0,939
2798,35494,1279,3030
2799,58444,22,952
2800,45514,2201,755
2801,58695,8,735
2802,43123,507,1755
2803,59317,0,127
2804,46881,231,2154
2805,59273,4,214
2806,46486,281,1914
2807,53165,20,2712
2808,59205,7,202
2809,36608,420,1957
2810,58772,2,568
2811,34855,1142,3249
2812,59258,0,251
2813,51377,441,1595
2814,51101,417,936
2815,59328,0,164
2816,51840,415,739
2817,58664,12,653
2818,51764,22,2574
2819,58707,41,559
2820,53137,16,3067
2821,33518,1103,2020
2822,52732,51,2528
2823,32909,1613,2378
2824,52336,15,746
2825,35176,441,5405
2826,35558,741,3618
2827,34643,586,2647
2828,59017,19,171
2829,52778,13,1506
2830,36433,648,2323
2831,52096,58,1630
2832,58489,10,402
2833,34384,3597,1106
2834,58172,9,442
2835,36993,336,2568
2836,43128,381,773
2837,58319,10,167
2838,37384,619,2136
2839,58481,5,527
2840,38132,1311,1219
2841,49336,3,2996
2842,44433,28,4359
2843,37959,131,3281
2844,53115,63,1133
2845,49016,30,3555
2846,40291,70,4730
2847,31540,804,1951
2848,41268,33,2452
2849,55955,35,408
2850,48489,22,4563
2851,43497,1031,3769
2852,54501,48,896
2853,50835,38,380
2854,56038,287,948
2855,44332,90,7202
2856,40504,123,1562
2857,44918,845,1256
2858,43255,172,1589
2859,51172,1739,1288
2860,53547,243,720
2861,52833,241,1066
2862,41889,245,1857
2863,42854,301,3062
2864,55966,77,208
2865,45882,2,6731
2866,45561,17,4851
2867,47879,102,799
2868,51221,60,83
2869,42271,427,1590
2870,48342,10,5031
2871,42729,6,6244
2872,42403,95,2336
2873,53912,66,1562
2874,49094,60,2392
2875,41977,131,2550
2876,41728,140,937
2877,57161,12,95
2878,40301,184,9173
2879,47210,146,4729
2880,56668,1,846
2881,53627,192,938
2882,51920,776,288
2883,41795,275,2429
2884,52999,118,1475
2885,47222,66,2561
2886,47386,163,2229
2887,51126,690,501
2888,52658,20,1443
2889,48849,1,4165
2890,39577,15,4947
2891,39000,129,5806
2892,40939,53,1521
2893,57135,23,42
2894,48091,1,5638
2895,44004,13,5012
2896,52428,35,1626
2897,49242,155,110
2898,55086,29,2204
2899,45549,136,4876
2900,40883,95,1611
2901,54631,113,273
2902,26071,412,1822
2903,41925,643,6805
2904,40819,214,2041
2905,50321,1079,1454
2906,47193,349,2343
2907,44239,409,2762
2908,56877,81,338
2909,43196,343,3650
2910,56360,87,642
2911,47269,77,1454
2912,51755,22,180
2913,55238,141,1044
2914,41746,284,1303
2915,48678,7,2785
2916,41646,5,6699
2917,41751,71,2191
2918,52578,58,1728
2919,49010,0,3817
2920,43288,55,4021
2921,41745,27,3717
2922,55675,25,61
2923,44600,199,5876
2924,46664,60,4705
2925,57477,4,1186
2926,52310,54,1289
2927,50235,26,157
2928,47804,359,2425
2929,41356,620,3385
2930,55565,155,1169
2931,44931,254,1748
2932,50104,936,1527
2933,46374,138,6225
2934,53248,182,1387
2935,40283,64,3462
2936,34796,1100,6141
2937,37826,44,2625
2938,57816,14,83
2939,46032,4,7422
2940,43291,38,5269
2941,49181,42,941
2942,49788,58,494
2943,52656,83,2272
2944,44653,81,5235
2945,43869,86,1749
2946,54801,56,1251
2947,43078,503,1800
2948,47799,7,5232
2949,43363,28,2906
2950,45598,66,1425
2951,56342,11,59
2952,44164,1032,1746
2953,49149,426,1837
2954,43932,666,1732
2955,54195,135,1599
2956,53846,175,510
2957,50821,141,1417
2958,55258,213,1024
2959,49283,2,3049
2960,44022,23,4770
2961,37376,102,3864
2962,53072,64,1176
2963,48879,6,3692
2964,40003,95,5018
2965,41006,37,2714
2966,55980,34,383
2967,48480,29,4572
2968,43340,1020,3926
2969,42065,1340,3124
2970,54504,47,893
2971,50847,52,368
2972,56107,339,879
2973,44301,82,7233
2974,39927,109,2139
2975,44755,833,1419
2976,51170,1582,1290
2977,53436,204,831
2978,52901,247,998
2979,41859,259,1887
2980,30452,779,2537
2981,42649,274,3267
2982,55993,73,181
2983,45778,2,6835
2984,45476,25,4936
2985,47644,86,1034
2986,51232,55,72
2987,48548,13,4825
2988,42512,12,6461
2989,42642,91,2097
2990,53874,70,1600
2991,42657,318,1389
2992,48936,54,2550
2993,41840,112,2687
2994,41748,137,917
2995,57149,11,107
2996,40788,99,8686
2997,47206,111,4733
2998,53731,213,834
2999,51970,750,238
3000,41459,259,2765
3001,52878,73,1596
3002,57560,199,444
3003,47077,87,2706
3004,47431,174,2184
3005,51155,869,472
3006,52595,38,1506
3007,49169,5,3845
3008,39558,28,4966
3009,41173,33,1287
3010,57135,14,42
3011,48145,2,5584
3012,43821,19,5195
3013,54726,1227,487
3014,52422,35,1632
3015,49247,157,105
3016,55351,29,1939
3017,45573,101,4852
3018,40852,169,1642
3019,54704,118,200
3020,42537,741,6193
3021,41137,256,1723
3022,50181,1026,1594
3023,47092,346,2444
3024,42241,1384,2948
3025,43845,942,1955
3026,44296,420,2705
3027,56878,58,337
3028,43082,353,3764
3029,56331,89,671
3030,55340,72,1861
3031,54640,8,561
3032,35057,964,1813
3033,53683,5,3373
3034,33483,750,1456
3035,33905,2983,1256
3036,50539,208,1424
3037,40165,699,3298
3038,46277,153,4119
3039,27349,252,9628
3040,54590,35,2499
3041,59151,36,261
3042,43530,2425,351
3043,53627,162,444
3044,33566,268,11579
3045,53132,3,688
3046,35099,563,6501
3047,34956,279,4995
3048,52599,32,4011
3049,39987,694,6967
3050,46725,328,4795
3051,37305,2591,2004
3052,43667,642,3801
3053,24460,633,12149
3054,55744,118,1428
3055,57681,11,1626
3056,43424,1751,2109
3057,53686,2,4278
3058,43232,193,1022
3059,32153,912,2363
3060,34901,327,2252
3061,44594,536,1711
3062,45665,142,4910
3063,42785,875,1877
3064,44588,148,3184
3065,44160,129,1751
3066,46348,85,4242
3067,28398,44,11603
3068,42355,1189,573
3069,56237,5,1011
3070,58482,43,270
3071,42872,1560,616
3072,53711,12,1596
3073,34077,1484,964
3074,35557,624,3080
3075,43629,295,2550
3076,46175,228,2930
3077,25761,211,8643
3078,55967,38,1789
3079,58669,0,859
3080,59155,0,108
3081,45682,531,2669
3082,58850,36,546
3083,47414,142,3146
3084,58328,37,1105
3085,41121,1510,1877
3086,25485,2188,6178
3087,59503,9,22
3088,33426,3381,1842
3089,37123,2038,2293
3090,45213,537,3680
3091,49542,431,1716
3092,26006,427,11975
3093,55594,28,1269
3094,58031,0,1392
3095,44613,932,1146
3096,53531,133,229
3097,31087,2475,1567
3098,35614,789,1787
3099,59428,0,46
3100,33541,2216,1923
3101,59192,23,256
3102,42748,135,1539
3103,36070,487,3111
3104,37148,2726,3104
3105,54587,66,2131
3106,25312,508,9952
3107,53576,116,3289
3108,57455,1,1633
3109,43402,248,1510
3110,53678,47,2184
3111,29315,4702,1047
3112,36323,415,2778
3113,57249,41,746
3114,43142,233,1962
3115,44966,230,3127
3116,26164,104,13024
3117,55985,22,2111
3118,23829,362,6337
3119,56190,17,1772
3120,26302,127,12862
3121,55409,94,1792
3122,54722,13,479
3123,34874,791,1996
3124,36240,572,4317
3125,53731,6,3325
3126,33445,709,1494
3127,33945,2829,1216
3128,40008,719,3455
3129,46168,307,4228
3130,27498,276,9479
3131,54594,51,2495
3132,59211,32,201
3133,43431,2336,450
3134,53699,252,372
