# Stats for class 0
0,5688,200,40
1,1211,195,68
2,11673,323,209
3,6251,111,163
4,5045,53,170
5,431,0,89
6,4557,70,106
7,150,16,95
8,2605,129,214
9,2986,232,18
10,6616,167,291
11,3489,215,33
12,9035,685,643
13,658,177,37
14,390,175,17
15,0,0,0
16,4079,98,109
17,69,0,97
18,4700,97,188
19,10538,198,504
20,4921,137,312
21,3737,159,112
22,5596,183,524
23,4561,264,76
24,5945,122,351
25,2590,61,328
26,4004,319,57
27,7457,259,402
28,5483,81,341
29,0,0,0
30,5115,111,114
31,214,0,127
32,4132,18,211
33,9751,114,811
34,5706,154,246
35,4213,85,661
36,3017,303,44
37,10333,181,394
38,997,455,3
39,0,0,0
40,3931,97,159
41,0,0,0
42,3742,73,139
43,0,0,0
44,4026,97,153
45,3545,204,45
46,3316,187,120
47,7028,389,110
48,3647,426,121
49,1101,101,0
50,1857,208,28
51,2642,128,112
52,4432,105,190
53,2382,524,197
54,4681,82,261
55,0,57,0
56,2092,76,72
57,5430,167,126
58,6394,24,229
59,5651,575,72
60,1525,109,9
61,6155,186,191
62,1046,119,11
63,265,29,4
64,2192,274,56
65,6821,950,178
66,2899,236,42
67,5667,456,50
68,5569,131,183
69,11496,569,154
70,741,37,52
71,3135,68,157
72,3186,1206,124
73,0,90,0
74,2177,132,43
75,5866,187,193
76,7406,323,218
77,2023,67,35
78,5712,160,188
79,0,0,0
80,7778,294,111
81,1776,52,17
82,3662,202,28
83,5119,183,158
84,3759,195,115
85,3219,133,395
86,6104,355,111
87,1067,51,23
88,5778,227,163
89,1083,197,31
90,2568,188,48
91,712,131,12
92,3588,122,138
93,4239,180,35
94,7188,1631,320
95,1057,60,38
96,4624,183,174
97,890,1250,63
98,2183,157,67
99,3357,110,79
100,4885,288,86
101,2045,97,24
102,7963,465,104
103,3730,150,506
104,0,0,0
105,2342,159,33
106,6127,178,108
107,3549,203,60
108,1954,155,65
109,3952,211,143
110,3769,267,181
111,4082,408,119
112,3585,104,366
113,6489,250,118
114,2484,54,120
115,388,47,17
116,1152,39,44
117,6116,786,138
118,2451,74,91
119,4291,118,80
120,2402,64,168
121,3750,186,733
122,0,0,0
123,1964,117,31
124,5538,163,134
125,12475,321,270
126,6121,710,166
127,1964,67,65
128,6064,243,118
129,0,0,0
130,1094,422,44
131,3575,176,96
132,5176,155,291
133,3540,162,44
134,1846,94,40
135,4737,11,322
136,238,16,31
137,1464,54,81
138,3479,115,91
139,1640,205,0
140,2260,195,44
141,1416,135,21
142,5964,698,125
143,7888,305,203
144,1419,127,43
145,5116,231,121
146,0,0,0
147,3209,289,47
148,2183,285,22
149,3846,92,115
150,5177,113,162
151,1810,93,108
152,3356,334,222
153,0,108,0
154,2457,75,150
155,6563,396,75
156,3820,118,123
157,5179,395,235
158,6245,230,90
159,4023,88,197
160,4020,86,159
161,3539,207,51
162,3320,183,116
163,3642,426,126
164,1101,94,0
165,1854,255,31
166,2654,126,100
167,4438,90,184
168,2366,471,213
169,598,107,15
170,4730,76,212
171,0,61,0
172,2089,69,75
173,5439,160,117
174,5639,641,84
175,1525,120,9
176,6172,194,174
177,1047,92,10
178,265,22,4
179,2193,305,55
180,7350,477,129
181,6832,839,167
182,2899,280,42
183,5664,437,53
184,5572,123,180
185,751,36,42
186,3142,60,150
187,3183,1144,127
188,0,100,0
189,2180,126,40
190,5877,173,182
191,6081,95,217
192,7414,312,210
193,2015,60,43
194,5701,151,199
195,0,0,0
196,1780,45,13
197,3654,173,36
198,5120,177,157
199,3765,167,109
200,3250,143,364
201,6111,320,104
202,11663,245,601
203,1069,56,21
204,5779,194,162
205,1074,158,40
206,2567,172,49
207,3604,128,122
208,4219,169,55
209,7197,1463,311
210,1061,67,34
211,4646,179,152
212,890,1725,63
213,6402,165,280
214,2184,180,66
215,3346,78,90
216,4878,301,93
217,2046,85,23
218,3900,175,336
219,0,0,0
220,2337,155,38
221,6135,175,100
222,3533,202,76
223,1969,141,50
224,634,229,1
225,699,127,4
226,3966,210,129
227,3810,252,140
228,4088,351,113
229,3566,101,385
230,3922,140,139
231,3638,303,30
232,3534,156,109
233,3343,565,102
234,1128,115,0
235,1890,87,28
236,0,161,0
237,2832,122,153
238,4265,138,205
239,2275,642,210
240,4813,88,283
241,0,27,0
242,2258,101,68
243,5319,169,155
244,5749,636,60
245,1292,68,12
246,6431,178,203
247,5486,209,375
248,1124,90,10
249,265,7,7
250,2192,413,53
251,6640,1047,249
252,2360,235,65
253,5124,558,61
254,5048,145,210
255,722,41,43
256,3504,72,187
257,2850,1300,204
258,2508,21,885
259,0,21,0
260,1910,84,30
261,6720,253,213
262,6531,135,348
263,2289,80,55
264,5204,170,226
265,0,0,0
266,1911,50,29
267,3648,145,33
268,5253,191,168
269,1042,181,5
270,4159,168,100
271,3409,102,359
272,5767,441,108
273,869,39,22
274,5054,232,193
275,1252,142,33
276,2680,123,108
277,3717,139,151
278,4304,219,60
279,6676,1927,261
280,5329,517,115
281,1096,62,45
282,4448,183,162
283,670,2095,66
284,2078,221,59
285,3528,165,96
286,4940,266,127
287,1981,110,27
288,3661,124,711
289,0,0,0
290,2139,117,35
291,2379,129,65
292,5905,203,112
293,3420,251,90
294,1969,435,51
295,3831,200,147
296,3224,345,243
297,4912,322,100
298,3714,144,290
299,301,155,20
300,1182,338,55
301,5863,780,157
302,24,0,44
303,2390,107,109
304,3349,72,83
305,2516,89,158
306,4498,245,494
307,0,0,0
308,1943,93,30
309,5540,203,241
310,5814,755,247
311,2042,50,49
312,6234,186,155
313,3349,469,15
314,12,0,1
315,1197,447,55
316,3575,531,77
317,4994,221,295
318,3877,226,60
319,1590,133,24
320,4759,11,431
321,1512,111,71
322,3467,123,120
323,1621,306,1
324,5517,619,140
325,2185,122,68
326,1121,196,22
327,6719,691,154
328,8170,362,197
329,1641,123,61
330,4957,244,114
331,0,1,0
332,2373,284,22
333,4024,88,112
334,5228,195,165
335,0,166,0
336,2072,91,73
337,2429,93,108
338,3454,329,254
339,0,173,0
340,2809,58,158
341,6582,371,132
342,3358,163,90
343,5247,372,138
344,3812,134,194
345,3908,119,153
346,3636,286,32
347,1541,151,31
348,3542,163,101
349,3341,575,104
350,1128,106,0
351,1888,92,30
352,2859,125,126
353,4277,136,193
354,2275,577,210
355,4806,93,290
356,0,43,0
357,2251,87,75
358,0,267,0
359,5332,143,142
360,5746,735,63
361,1292,69,12
362,6437,177,197
363,1123,91,11
364,265,15,7
365,2193,453,52
366,6672,904,217
367,2365,248,60
368,5119,537,66
369,4575,392,109
370,5077,143,181
371,732,43,33
372,3513,62,178
373,2892,1291,162
374,0,7,0
375,1911,83,29
376,6724,257,209
377,6457,113,422
378,2278,80,66
379,5199,178,231
380,6837,948,39
381,0,0,0
382,1911,46,29
383,3642,163,39
384,5199,171,222
385,4140,156,119
386,3415,109,353
387,5779,406,96
388,870,45,21
389,5032,220,215
390,1251,124,34
391,1538,561,123
392,2687,121,101
393,3728,152,140
394,4287,200,77
395,6647,1803,290
396,1095,62,46
397,4457,153,153
398,666,1733,70
399,2083,187,54
400,3515,118,109
401,4927,239,140
402,0,1382,0
403,1979,107,29
404,3936,123,436
405,0,0,0
406,2127,111,47
407,5904,225,113
408,3406,219,104
409,1982,459,38
410,3836,194,142
411,3218,340,249
412,4912,363,100
413,5756,178,382
414,3711,169,293
415,799,32,285
416,6995,104,473
417,3725,56,834
418,2710,193,588
419,3826,214,627
420,5777,156,231
421,7793,310,1188
422,149,14,91
423,4220,230,851
424,1928,191,10
425,3989,72,157
426,4386,74,89
427,1744,1276,265
428,795,26,290
429,7088,160,642
430,4503,61,829
431,133,2,709
432,5090,114,541
433,5132,130,277
434,6814,113,1122
435,0,944,0
436,0,0,0
437,4923,184,1178
438,4888,143,483
439,4105,39,161
440,1950,450,392
441,899,30,304
442,6970,64,685
443,3679,61,1149
444,2510,300,404
445,3795,127,526
446,2633,29,282
447,4914,754,95
448,5732,121,396
449,7741,410,904
450,221,0,137
451,4457,138,1000
452,3915,45,375
453,4330,52,449
454,2665,11,1246
455,606,7,190
456,5927,144,418
457,4439,75,843
458,41,9,35
459,115,1,531
460,4833,263,436
461,5321,134,757
462,7335,263,569
463,0,0,3
464,4386,49,1578
465,3758,96,174
466,4118,38,120
467,1725,78,837
468,1052,125,188
469,1135,364,8
470,7214,150,600
471,3980,74,736
472,2403,199,267
473,3918,269,378
474,5701,197,776
475,7738,249,1166
476,285,27,238
477,4331,82,1336
478,3987,29,515
479,1227,47,49
480,7475,865,229
481,1900,1,888
482,710,16,1005
483,5873,219,128
484,4051,74,1035
485,5,0,815
486,4641,105,639
487,5792,158,403
488,7746,138,922
489,66,0,304
490,4276,182,1048
491,3969,435,90
492,3718,39,268
493,4267,21,182
494,1412,1090,89
495,1038,129,169
496,7267,90,494
497,4016,120,827
498,2234,252,244
499,4082,206,342
500,5423,133,539
501,7667,105,1081
502,5694,324,77
503,196,2,424
504,4844,738,494
505,5008,86,845
506,1177,6,179
507,1942,20,702
508,1616,37,248
509,5902,174,130
510,4095,138,529
511,2777,151,877
512,3882,147,1354
513,3143,180,95
514,5470,304,371
515,7757,156,1146
516,75,1,467
517,3919,120,1019
518,3902,93,276
519,4428,33,244
520,1537,946,149
521,840,29,73
522,7211,108,535
523,4204,149,811
524,2499,292,632
525,1876,102,845
526,4377,159,381
527,4817,252,230
528,7062,74,845
529,0,0,0
530,4756,361,1246
531,4857,246,353
532,1015,22,228
533,1545,135,596
534,854,33,230
535,0,0,0
536,7018,104,450
537,3695,55,864
538,2786,223,512
539,3892,210,561
540,5776,177,232
541,7761,297,1220
542,148,18,92
543,4174,192,897
544,3992,62,154
545,4371,73,104
546,5157,322,79
547,1716,1335,293
548,820,45,265
549,7088,161,642
550,4455,59,877
551,123,0,719
552,5098,95,533
553,5124,117,285
554,6816,92,1120
555,0,0,0
556,4947,182,1154
557,2910,149,88
558,8628,790,244
559,4885,149,486
560,4109,38,157
561,1898,361,444
562,942,24,261
563,6993,57,662
564,3661,49,1167
565,2519,245,395
566,3806,147,515
567,5659,103,469
568,7645,401,1000
569,1441,635,141
570,200,0,158
571,4575,146,882
572,3896,41,394
573,4335,57,444
574,2692,8,1219
575,680,15,116
576,5943,153,402
577,4458,74,824
578,239,1,407
579,4869,356,400
580,415,222,4
581,5283,139,795
582,7357,234,547
583,0,0,3
584,4598,76,1366
585,3774,87,158
586,4119,48,119
587,1746,370,816
588,1083,160,157
589,7181,134,633
590,3975,69,741
591,5349,652,187
592,2427,342,243
593,3916,343,380
594,5699,158,778
595,7728,252,1176
596,227,22,296
597,4298,111,1369
598,3976,19,526
599,1227,46,49
600,1968,1,820
601,789,26,926
602,1799,754,2
603,5864,205,137
604,4041,74,1045
605,30,0,790
606,4789,119,491
607,2504,57,30
608,6394,165,501
609,0,0,0
610,6394,266,403
611,1858,68,74
612,0,0,0
613,130,6,1
614,8317,161,548
615,554,246,33
616,5104,120,587
617,6587,667,63
618,9478,913,127
619,51,205,2
620,4821,392,504
621,4177,632,123
622,4719,246,100
623,1126,555,215
624,3696,2785,39
625,140,302,7
626,7055,1168,605
627,3106,49,567
628,2141,78,386
629,4157,236,305
630,6314,144,188
631,0,0,0
632,2432,61,24
633,5056,217,588
634,0,0,0
635,5973,415,100
636,6907,328,232
637,1947,76,352
638,5436,85,558
639,4100,654,52
640,4362,388,61
641,1411,830,9
642,93,216,112
643,7427,1023,244
644,3559,226,325
645,1624,147,265
646,1948,154,18
647,4015,291,267
648,7262,344,167
649,9333,232,949
650,202,2,287
651,4570,310,305
652,3795,337,357
653,0,0,0
654,455,17,133
655,6424,759,352
656,0,0,0
657,1425,73,7
658,2804,29,36
659,5374,152,942
660,44,55,6
661,7317,820,97
662,3348,93,59
663,819,200,52
664,4653,164,465
665,6721,374,123
666,10256,354,575
667,195,0,254
668,7803,449,202
669,6010,336,248
670,4759,376,271
671,3360,642,136
672,3480,121,183
673,1299,169,322
674,247,543,38
675,7636,486,548
676,3402,183,511
677,0,0,0
678,8460,197,760
679,0,0,0
680,1762,277,5
681,637,1,237
682,6901,849,324
683,0,0,0
684,6289,455,305
685,9427,790,114
686,80,76,0
687,5594,229,404
688,3740,791,110
689,2788,1951,24
690,1629,906,300
691,91,91,1
692,0,403,0
693,6026,1134,181
694,2837,58,306
695,1652,218,230
696,4316,371,289
697,6660,476,342
698,9980,531,737
699,177,45,74
700,6774,279,320
701,2548,92,16
702,5119,395,112
703,0,0,3
704,8296,112,704
705,0,0,0
706,708,271,159
707,4533,304,108
708,1297,375,9
709,3,17,0
710,6951,1175,121
711,3199,404,66
712,1347,737,26
713,52,6,3
714,4462,434,492
715,6200,1061,357
716,8841,793,324
717,164,4,148
718,4944,319,237
719,3670,691,575
720,4371,7,189
721,1462,564,56
722,2504,50,30
723,6462,237,433
724,4182,46,360
725,0,0,0
726,6437,278,360
727,1890,86,42
728,0,0,0
729,8297,177,568
730,546,288,41
731,5140,114,551
732,6549,720,101
733,9460,814,145
734,51,183,2
735,7627,396,75
736,4813,360,512
737,4170,634,130
738,4666,216,153
739,1149,599,192
740,140,345,7
741,7034,1086,626
742,3065,55,608
743,2048,52,479
744,4181,222,281
745,6294,144,208
746,1931,287,574
747,0,0,0
748,2442,49,14
749,5083,239,561
750,0,0,0
751,6879,307,260
752,2001,80,298
753,5429,100,565
754,4083,601,69
755,4359,296,64
756,1401,660,19
757,74,183,12
758,57,133,148
759,7404,992,267
760,3489,197,395
761,1545,56,344
762,4003,147,279
763,7257,336,172
764,9353,209,929
765,119,1,370
766,4566,345,309
767,3785,322,367
768,5727,305,154
769,0,0,0
770,512,85,76
771,6503,701,273
772,0,0,0
773,2805,32,35
774,5452,176,864
775,42,71,8
776,7328,814,86
777,3348,128,59
778,851,247,20
779,5719,202,135
780,2078,120,19
781,4733,241,385
782,6705,363,139
783,10205,352,626
784,151,0,298
785,4747,396,283
786,3351,623,145
787,3505,131,158
788,1242,126,379
789,246,640,39
790,7640,495,544
791,217,174,29
792,3436,206,477
793,48,96,81
794,7530,399,659
795,3510,41,407
796,2186,217,625
797,3342,1226,25
798,7378,113,443
799,9692,354,725
800,327,2,247
801,4558,193,636
802,3901,335,45
803,4312,52,456
804,4065,52,122
805,1018,65,328
806,545,37,472
807,7682,231,662
808,3721,52,531
809,2999,151,382
810,3496,123,434
811,6464,65,748
812,8448,527,782
813,5268,358,36
814,149,8,84
815,5426,107,893
816,3626,82,226
817,4259,54,211
818,1872,329,72
819,49,309,2
820,6916,301,626
821,3423,66,493
822,2321,162,383
823,4062,488,1099
824,1799,767,2
825,6662,295,355
826,9782,144,740
827,339,6,55
828,4892,103,741
829,4298,74,332
830,3748,55,71
831,1121,162,269
832,780,28,141
833,6709,267,309
834,3190,58,834
835,1354,164,48
836,3505,156,926
837,4112,105,827
838,6016,179,200
839,7425,211,891
840,207,8,77
841,3996,825,77
842,4165,339,312
843,3951,114,91
844,1616,119,316
845,256,6,177
846,0,238,0
847,7061,285,652
848,3717,122,307
849,2684,113,1360
850,4469,201,567
851,6299,114,510
852,7846,287,1094
853,5,0,189
854,4634,196,751
855,4211,101,284
856,3566,127,55
857,5145,251,118
858,1356,355,274
859,707,20,369
860,7074,70,516
861,3722,36,728
862,2349,87,796
863,4006,233,480
864,6623,75,352
865,9982,333,788
866,334,2,92
867,4590,1108,107
868,6287,443,55
869,3879,307,424
870,3856,87,84
871,1888,6,857
872,404,34,121
873,7622,251,650
874,3336,143,568
875,1914,52,1312
876,4664,116,683
877,6376,128,541
878,8951,246,933
879,2956,45,151
880,0,0,136
881,4896,153,614
882,3104,97,288
883,3618,99,54
884,1642,243,165
885,973,50,192
886,6691,159,396
887,3271,76,807
888,2007,33,973
889,3975,777,136
890,1287,138,50
891,6325,276,194
892,7014,161,118
893,9872,163,862
894,114,2,159
895,4676,656,818
896,3802,216,520
897,4384,87,171
898,1660,55,124
899,712,85,140
900,7950,106,557
901,3475,69,475
902,1770,292,4
903,2423,375,685
904,3984,216,361
905,6331,92,583
906,8267,263,1434
907,5,0,271
908,5481,203,589
909,3854,11,305
910,3830,67,94
911,1843,188,223
912,89,383,40
913,1273,103,5
914,7495,401,694
915,3507,37,410
916,2127,209,684
917,3335,1329,32
918,7395,129,426
919,9665,335,752
920,369,3,205
921,4474,178,720
922,4360,45,408
923,4050,48,137
924,5925,100,192
925,1103,119,243
926,580,38,437
927,7717,143,627
928,3685,54,567
929,2993,120,388
930,3537,118,393
931,6479,62,733
932,8387,413,843
933,157,12,76
934,5346,80,973
935,1762,157,2
936,3618,67,234
937,4267,39,203
938,1811,281,133
939,48,208,3
940,6958,360,584
941,3383,82,533
942,2307,272,397
943,4173,500,988
944,6663,320,354
945,9759,155,763
946,5569,94,414
947,344,6,50
948,5000,121,633
949,4293,79,337
950,3756,54,63
951,1104,160,286
952,774,21,147
953,6681,277,337
954,3179,60,845
955,3462,157,969
956,4102,99,837
957,1814,67,113
958,5994,177,222
959,7412,212,904
960,182,1,102
961,3978,772,95
962,4211,351,266
963,3958,89,84
964,1588,78,344
965,248,6,185
966,7088,277,625
967,3717,66,307
968,47,19,16
969,2794,132,1250
970,4493,286,543
971,6273,108,536
972,7775,243,1165
973,16,3,178
974,4629,195,756
975,4210,97,285
976,3570,135,51
977,1355,340,275
978,893,44,183
979,3888,379,48
980,7035,85,555
981,3735,46,715
982,2353,122,792
983,4052,269,434
984,1614,87,273
985,6102,145,107
986,4123,109,786
987,399,57,285
988,4647,367,143
989,5392,296,170
990,5903,371,27
991,7424,143,897
992,122,0,80
993,5626,697,484
994,4555,202,641
995,0,5,0
996,2161,28,963
997,195,20,62
998,5778,227,108
999,3649,123,664
1000,3194,420,103
1001,258,29,15
1002,2565,110,23
1003,1853,991,16
1004,2325,469,160
1005,1312,17,36
1006,5696,366,45
1007,5523,176,127
1008,612,38,9
1009,5239,511,341
1010,4999,146,525
1011,699,40,5
1012,1900,36,497
1013,1947,279,22
1014,1585,76,539
1015,5921,221,101
1016,4046,68,891
1017,186,17,256
1018,4649,310,321
1019,3388,78,327
1020,7358,107,836
1021,157,20,156
1022,6125,885,398
1023,4276,123,197
1024,0,116,0
1025,2338,786,68
1026,1220,33,25
1027,5886,94,208
1028,2401,134,94
1029,3521,186,81
1030,3326,135,34
1031,3083,234,31
1032,253,0,488
1033,4753,301,211
1034,5599,170,309
1035,4917,200,83
1036,7698,156,742
1037,54,10,3
1038,5045,952,115
1039,4758,251,238
1040,0,0,4
1041,1931,27,815
1042,235,14,181
1043,5673,301,46
1044,4216,34,938
1045,153,136,192
1046,7602,645,86
1047,4821,280,394
1048,5869,203,72
1049,2565,1291,44
1050,3789,83,127
1051,4810,222,104
1052,476,61,2
1053,3391,408,63
1054,1664,93,15
1055,737,46,217
1056,1805,81,344
1057,1384,1,116
1058,1551,75,614
1059,5934,341,112
1060,4375,96,753
1061,182,7,556
1062,4703,477,129
1063,4802,268,113
1064,7038,165,535
1065,87,0,251
1066,6374,977,108
1067,4372,322,311
1068,94,224,3
1069,12,0,611
1070,2085,178,374
1071,4004,84,159
1072,5120,654,116
1073,547,888,2
1074,3260,164,73
1075,3082,314,43
1076,2182,1562,26
1077,1225,68,28
1078,5395,205,117
1079,5665,267,167
1080,7503,243,548
1081,5,8,0
1082,5139,710,180
1083,4456,316,528
1084,639,26,37
1085,2195,8,707
1086,978,356,367
1087,6025,186,91
1088,3837,94,605
1089,115,184,333
1090,1980,289,5
1091,4083,198,308
1092,4448,184,489
1093,6485,169,471
1094,62,7,12
1095,3251,727,91
1096,3063,559,47
1097,3648,128,311
1098,1659,292,48
1099,2614,277,62
1100,2309,245,10
1101,0,93,0
1102,1621,82,266
1103,6131,244,78
1104,4209,101,700
1105,299,112,385
1106,4612,350,178
1107,5344,260,218
1108,7464,139,857
1109,122,0,80
1110,5681,748,429
1111,4657,182,539
1112,2360,104,57
1113,3374,244,20
1114,1814,920,22
1115,0,1,0
1116,2076,24,1048
1117,200,17,57
1118,5787,222,99
1119,3507,118,806
1120,3181,420,116
1121,1853,979,16
1122,2323,406,162
1123,1316,18,32
1124,5709,356,32
1125,5210,154,100
1126,5501,172,149
1127,615,55,6
1128,5093,544,487
1129,4908,144,616
1130,699,58,5
1131,1940,23,457
1132,1575,70,549
1133,5916,185,106
1134,4043,63,894
1135,137,9,305
1136,3815,166,205
1137,4695,324,275
1138,3439,97,276
1139,7327,102,867
1140,134,21,179
1141,6131,1032,392
1142,4255,128,218
1143,2330,878,76
1144,1221,35,24
1145,5889,89,205
1146,2398,137,97
1147,6955,408,119
1148,3500,188,102
1149,3322,128,38
1150,3055,232,59
1151,224,0,517
1152,4798,388,166
1153,5607,163,301
1154,7631,132,809
1155,42,2,15
1156,5036,1088,124
1157,4699,211,297
1158,1831,215,12
1159,4,2,0
1160,1972,29,774
1161,251,27,165
1162,5671,272,48
1163,4149,52,1005
1164,159,139,186
1165,4761,257,454
1166,5858,177,83
1167,2567,1253,42
1168,3787,87,129
1169,1300,121,4
1170,4823,203,91
1171,476,48,2
1172,3384,384,70
1173,1657,100,22
1174,1783,119,120
1175,10270,494,120
1176,0,0,0
1177,6095,76,297
1178,4620,128,195
1179,4838,167,332
1180,3571,956,190
1181,3150,71,115
1182,8282,313,864
1183,5737,85,248
1184,0,0,0
1185,2793,48,121
1186,8657,386,552
1187,2738,356,80
1188,8641,349,641
1189,2541,61,257
1190,7127,170,557
1191,2844,109,345
1192,6505,180,234
1193,0,89,0
1194,1801,132,102
1195,10274,557,116
1196,0,0,0
1197,6094,82,298
1198,4643,164,172
1199,4877,166,293
1200,3163,70,102
1201,8249,311,897
1202,0,16,0
1203,5725,125,260
1204,0,0,0
1205,2784,55,130
1206,8455,370,754
1207,2740,130,78
1208,8671,344,611
1209,2529,61,269
1210,7041,165,643
1211,6505,181,234
1212,0,95,0
1213,4455,360,83
1214,1781,144,122
1215,10259,504,131
1216,0,1,0
1217,6063,83,329
1218,4654,136,161
1219,4916,168,254
1220,3155,80,110
1221,8284,292,862
1222,5716,166,269
1223,0,0,0
1224,6999,167,105
1225,8237,420,105
1226,2779,52,135
1227,8624,409,585
1228,2735,181,83
1229,8650,366,632
1230,2537,52,261
1231,7028,205,656
1232,6502,175,237
1233,0,40,0
1234,1798,150,105
1235,10282,596,108
1236,1466,0,218
1237,0,0,0
1238,6053,84,339
1239,4658,163,157
1240,4882,166,288
1241,3162,96,103
1242,8262,297,884
1243,5754,133,231
1244,0,0,0
1245,2781,67,133
1246,8536,440,673
1247,419,248,1
1248,2739,285,79
1249,8629,401,653
1250,2529,60,269
1251,7074,188,610
1252,6490,175,249
1253,0,25,0
1254,1800,191,103
1255,10258,579,132
1256,0,0,0
1257,6076,82,316
1258,5841,221,248
1259,4668,164,147
1260,4872,163,298
1261,3155,73,110
1262,8309,305,837
1263,5741,142,244
1264,0,0,0
1265,2795,68,119
1266,8418,430,791
1267,2736,214,82
1268,8700,395,582
1269,2223,134,78
1270,2539,63,259
1271,7099,193,585
1272,6501,167,238
1273,0,62,0
1274,1788,134,115
1275,10218,496,172
1276,0,0,0
1277,6080,78,312
1278,4645,152,170
1279,4900,161,270
1280,288,7,6
1281,3158,76,107
1282,8282,298,864
1283,5709,113,276
1284,0,0,0
1285,2808,68,106
1286,8580,434,629
1287,2733,357,85
1288,8652,354,630
1289,2567,65,231
1290,7113,186,571
1291,3930,575,36
1292,6513,183,226
1293,0,55,0
1294,1809,130,94
1295,10278,561,112
1296,0,0,0
1297,6072,87,320
1298,4647,147,168
1299,4901,158,269
1300,3158,84,107
1301,8219,300,927
1302,5825,530,82
1303,5730,109,255
1304,0,0,0
1305,2781,56,133
1306,8576,365,633
1307,2741,175,77
1308,8599,348,683
1309,2540,58,258
1310,7068,186,616
1311,6482,152,257
1312,0,0,0
1313,1978,260,7
1314,1771,129,132
1315,10247,450,143
1316,0,0,0
1317,6095,91,297
1318,4606,122,209
1319,4918,171,252
1320,3148,76,117
1321,8288,309,858
1322,5715,114,270
1323,0,0,0
1324,1331,347,0
1325,2764,52,150
1326,8650,466,559
1327,2738,185,80
1328,8624,371,658
1329,2534,52,264
1330,7123,209,561
1331,6493,185,246
1332,0,14,0
1333,5462,498,88
1334,1896,79,9
1335,515,113,2
1336,0,42,0
1337,1231,107,28
1338,1910,152,13
1339,1297,79,2
1340,6098,153,227
1341,1836,88,8
1342,222,8,9
1343,4374,444,66
1344,1901,33,198
1345,4483,1369,85
1346,1887,52,57
1347,5367,236,181
1348,4763,1198,72
1349,4514,3201,27
1350,4345,1454,119
1351,2219,356,31
1352,247,449,1
1353,3906,162,190
1354,12034,4435,670
1355,4948,145,174
1356,6258,421,294
1357,4641,532,116
1358,0,532,0
1359,6555,195,290
1360,4206,244,152
1361,1897,74,16
1362,1357,128,13
1363,6159,325,159
1364,2154,90,85
1365,499,33,0
1366,2556,580,0
1367,463,553,0
1368,1656,360,2
1369,1674,325,16
1370,4873,1320,14
1371,1460,114,30
1372,2890,1008,4
1373,4486,2294,127
1374,207,507,0
1375,4430,3310,151
1376,0,382,0
1377,548,223,28
1378,4478,186,70
1379,403,232,11
1380,5009,117,114
1381,4480,89,113
1382,6838,320,144
1383,4225,299,78
1384,2045,150,82
1385,1363,241,3
1386,6186,280,145
1387,1257,117,2
1388,6225,350,109
1389,1204,230,0
1390,5963,582,170
1391,4453,262,267
1392,1298,115,7
1393,6695,939,228
1394,1471,647,1
1395,36,20,0
1396,5754,1726,295
1397,0,320,0
1398,4873,605,66
1399,202,453,3
1400,4957,164,2154
1401,456,41,103
1402,5463,193,398
1403,142,219,19
1404,4257,273,82
1405,6380,343,166
1406,4282,294,137
1407,3207,498,21
1408,4310,366,64
1409,3909,420,49
1410,4051,235,159
1411,3219,164,29
1412,3429,538,108
1413,2505,6,888
1414,3037,575,14
1415,1156,319,0
1416,6460,1767,185
1417,7085,4315,54
1418,6171,455,148
1419,1869,77,4
1420,6102,82,309
1421,1803,145,6
1422,59,41,1
1423,4263,138,107
1424,1040,181,7
1425,865,110,107
1426,0,201,0
1427,2994,298,34
1428,6333,174,220
1429,2224,64,26
1430,6099,287,231
1431,2671,168,37
1432,6638,436,272
1433,2680,143,21
1434,6792,471,302
1435,5328,514,116
1436,3800,259,104
1437,4971,1350,244
1438,5485,577,65
1439,1899,80,6
1440,1228,91,31
1441,1912,152,11
1442,1297,75,2
1443,6089,148,236
1444,1837,86,7
1445,221,7,10
1446,7891,412,102
1447,2370,121,74
1448,4365,485,75
1449,1898,35,201
1450,4499,1301,69
1451,1881,53,63
1452,4784,1205,51
1453,4510,3216,31
1454,4349,1364,115
1455,2224,354,26
1456,247,559,1
1457,3897,122,199
1458,23,0,45
1459,11998,4480,706
1460,4988,143,134
1461,6219,489,333
1462,4631,475,126
1463,6531,179,314
1464,4235,242,123
1465,1900,78,13
1466,1361,124,9
1467,6154,324,164
1468,2161,100,78
1469,3336,466,28
1470,499,27,0
1471,2556,683,0
1472,463,571,0
1473,1657,357,1
1474,4873,1490,14
1475,1453,113,37
1476,2892,1202,2
1477,4490,2152,123
1478,204,553,3
1479,4433,3118,148
1480,5525,752,132
1481,0,385,0
1482,546,218,30
1483,4468,198,80
1484,404,228,10
1485,4487,83,106
1486,6830,315,152
1487,4206,303,97
1488,2044,144,83
1489,1363,242,3
1490,6163,296,168
1491,2067,127,78
1492,1259,123,0
1493,6236,366,98
1494,1204,240,0
1495,5962,565,171
1496,1296,119,9
1497,6707,727,216
1498,1468,564,4
1499,36,20,0
1500,5787,1740,262
1501,915,36,305
1502,1552,183,20
1503,7246,120,512
1504,3826,54,977
1505,2527,492,585
1506,3854,242,500
1507,6081,160,265
1508,7989,213,1208
1509,52,14,53
1510,4219,243,982
1511,3867,80,296
1512,4099,104,62
1513,0,212,0
1514,1578,856,205
1515,935,31,250
1516,7230,156,700
1517,4728,76,816
1518,190,10,664
1519,4634,75,662
1520,4968,158,261
1521,6506,96,1104
1522,0,0,0
1523,4393,147,1688
1524,4567,365,117
1525,4777,152,551
1526,4290,111,125
1527,1934,422,316
1528,1061,37,269
1529,7275,126,650
1530,3291,45,1139
1531,2548,274,392
1532,4134,110,599
1533,5542,328,505
1534,7686,285,787
1535,6839,965,37
1536,182,0,129
1537,4554,137,1137
1538,3958,46,358
1539,4308,62,476
1540,3014,33,978
1541,520,38,126
1542,5890,116,424
1543,3980,83,939
1544,290,2,389
1545,4741,261,503
1546,1529,274,132
1547,5033,175,810
1548,6954,288,877
1549,6,0,2
1550,4186,38,1386
1551,4057,89,137
1552,3728,40,129
1553,1580,509,792
1554,1265,126,232
1555,8083,301,455
1556,4216,100,653
1557,6255,119,159
1558,0,1248,0
1559,2318,121,316
1560,3965,424,314
1561,5102,217,724
1562,7553,434,1092
1563,526,69,186
1564,4684,67,1398
1565,4526,35,510
1566,1008,113,56
1567,1868,6,839
1568,720,20,1118
1569,5770,188,368
1570,5845,234,148
1571,3709,61,1010
1572,0,0,843
1573,4635,91,783
1574,5974,150,365
1575,7994,136,1057
1576,100,0,232
1577,4444,169,848
1578,4063,107,281
1579,4157,20,160
1580,1924,189,14
1581,1723,1096,54
1582,1271,182,157
1583,6967,109,664
1584,4427,101,729
1585,2377,300,238
1586,3885,182,332
1587,5199,109,513
1588,7989,101,865
1589,319,14,252
1590,4880,351,618
1591,0,954,0
1592,4856,62,1032
1593,992,9,172
1594,1970,23,747
1595,1536,35,234
1596,5934,188,171
1597,3930,148,650
1598,2587,116,813
1599,4085,224,1458
1600,5807,267,405
1601,7350,189,1224
1602,4919,732,90
1603,87,37,478
1604,3626,122,1191
1605,4572,213,297
1606,4489,23,223
1607,1556,784,159
1608,857,83,77
1609,7276,382,666
1610,4128,180,810
1611,1736,53,804
1612,4367,145,375
1613,54,9,22
1614,5398,342,140
1615,6682,89,857
1616,0,0,0
1617,5090,218,1315
1618,4563,295,412
1619,961,49,186
1620,1257,117,758
1621,996,45,224
1622,7295,120,463
1623,3777,63,1026
1624,1135,340,8
1625,2508,431,604
1626,3931,272,423
1627,6086,202,260
1628,8013,244,1184
1629,50,16,55
1630,4144,179,1057
1631,3911,74,252
1632,4107,105,54
1633,1555,1049,228
1634,957,31,228
1635,7474,832,230
1636,7270,117,660
1637,4793,72,751
1638,254,21,600
1639,4645,75,651
1640,4968,156,261
1641,6547,84,1063
1642,0,0,0
1643,4186,94,1895
1644,4804,179,524
1645,4283,88,132
1646,3961,474,98
1647,1899,416,351
1648,1101,81,229
1649,7305,120,620
1650,3109,48,1321
1651,2549,148,391
1652,4163,126,570
1653,5533,351,514
1654,7673,296,800
1655,180,0,131
1656,4613,142,1078
1657,5683,330,88
1658,3951,51,365
1659,4340,73,444
1660,3020,35,972
1661,546,18,100
1662,5884,129,430
1663,4006,81,913
1664,310,2,369
1665,4793,288,451
1666,5012,164,831
1667,7036,252,795
1668,374,130,33
1669,3142,143,96
1670,4,0,4
1671,4285,42,1287
1672,4003,83,191
1673,3704,46,153
1674,1591,553,781
1675,1257,149,240
1676,8055,268,483
1677,4189,97,680
1678,2350,227,284
1679,3896,428,383
1680,2726,371,405
1681,5112,173,714
1682,7568,355,1077
1683,524,35,188
1684,4688,95,1394
1685,4498,26,538
1686,990,90,74
1687,1829,7,878
1688,796,27,1042
1689,5850,236,143
1690,3694,67,1025
1691,0,0,0
1692,0,0,843
1693,4742,111,676
1694,4761,505,145
1695,6351,258,288
1696,4704,613,132
1697,5606,146,385
1698,4000,221,178
1699,1774,105,11
1700,1317,121,39
1701,6391,322,111
1702,5140,294,96
1703,1853,97,68
1704,607,18,26
1705,2153,640,9
1706,448,648,13
1707,1506,355,6
1708,4321,1832,43
1709,1536,95,22
1710,2742,1607,16
1711,4717,2291,191
1712,182,656,24
1713,8640,874,232
1714,4699,2938,130
1715,0,280,0
1716,4948,673,130
1717,0,802,0
1718,5082,136,1901
1719,533,16,124
1720,47,195,22
1721,4357,260,70
1722,7110,430,174
1723,4150,357,253
1724,1445,672,137
1725,2830,465,16
1726,4626,330,96
1727,3448,380,78
1728,4177,326,192
1729,3235,124,61
1730,3201,437,149
1731,2901,411,48
1732,1313,169,5
1733,6255,1804,207
1734,7191,3983,102
1735,415,221,4
1736,2166,85,14
1737,1200,100,21
1738,1996,164,23
1739,1260,130,11
1740,6789,182,244
1741,1737,136,34
1742,38,0,30
1743,4467,703,65
1744,1948,109,145
1745,4011,941,80
1746,5330,626,206
1747,1617,71,105
1748,5055,1404,40
1749,4585,3323,37
1750,4317,1417,101
1751,1988,344,99
1752,242,716,2
1753,3908,123,226
1754,12670,4560,761
1755,4467,144,286
1756,488,83,29
1757,1799,769,2
1758,4201,191,94
1759,289,185,13
1760,4340,91,127
1761,6534,280,153
1762,3842,247,117
1763,1855,98,68
1764,1482,200,11
1765,5822,292,173
1766,1419,121,2
1767,6483,510,116
1768,131,8,0
1769,940,145,3
1770,6262,518,222
1771,1345,93,13
1772,6683,1189,321
1773,1390,323,29
1774,54,8,3
1775,5972,1564,197
1776,6349,515,196
1777,1990,74,3
1778,6292,85,311
1779,2601,56,317
1780,3699,2721,36
1781,1828,159,6
1782,6,8,36
1783,4923,162,110
1784,707,16,120
1785,15,234,10
1786,3028,275,45
1787,6504,208,213
1788,2343,65,31
1789,5772,206,234
1790,2402,173,21
1791,5971,459,102
1792,7109,365,304
1793,2845,202,35
1794,6874,424,290
1795,3198,247,168
1796,5285,1368,108
1797,4796,568,110
1798,6348,382,291
1799,4742,589,94
1800,5616,131,375
1801,4030,241,148
1802,1945,162,21
1803,1768,98,17
1804,1317,113,39
1805,6382,334,120
1806,1849,76,72
1807,618,36,15
1808,2153,583,9
1809,444,485,17
1810,1504,322,8
1811,4281,1493,83
1812,1523,104,35
1813,1419,66,13
1814,2736,1623,22
1815,4708,2202,200
1816,191,620,15
1817,4702,2899,127
1818,0,301,0
1819,4982,833,96
1820,0,875,0
1821,5448,120,1535
1822,537,54,120
1823,45,146,24
1824,5993,200,265
1825,4366,298,61
1826,7085,400,199
1827,4144,350,259
1828,2833,473,13
1829,4662,364,60
1830,3448,425,78
1831,4141,363,228
1832,3253,111,43
1833,3212,541,138
1834,2902,319,47
1835,1763,263,4
1836,1318,181,0
1837,6264,1850,198
1838,7175,4028,118
1839,2163,85,17
1840,1200,100,21
1841,1997,158,22
1842,1257,76,14
1843,6797,155,236
1844,1725,90,46
1845,39,0,29
1846,90,95,2
1847,4457,375,75
1848,1949,75,144
1849,4010,1136,81
1850,1608,53,114
1851,5047,1395,48
1852,4581,3374,41
1853,4317,1369,101
1854,1996,342,91
1855,243,699,1
1856,3871,122,263
1857,5082,334,149
1858,12643,4674,788
1859,5044,325,331
1860,1945,7,1005
1861,908,112,8
1862,5240,767,142
1863,2748,104,81
1864,76,4,16
1865,3064,410,23
1866,4950,607,143
1867,1583,145,79
1868,51,11,4
1869,1555,117,90
1870,0,288,0
1871,4674,391,88
1872,7429,864,50
1873,1553,729,97
1874,37,1709,1
1875,5275,203,360
1876,1914,145,9
1877,0,639,0
1878,4886,846,146
1879,4157,39,385
1880,0,1,0
1881,889,264,12
1882,7843,1311,274
1883,3897,502,107
1884,5393,555,139
1885,3598,253,92
1886,2664,198,659
1887,0,0,0
1888,5126,265,93
1889,8335,732,396
1890,3004,333,57
1891,7628,376,74
1892,1591,510,194
1893,713,103,9
1894,5603,580,162
1895,2061,523,4
1896,219,14,3
1897,3813,3206,50
1898,6538,569,117
1899,1984,130,20
1900,1424,50,20
1901,6011,283,287
1902,1975,324,530
1903,1681,253,11
1904,62,113,0
1905,4636,397,139
1906,114,8,11
1907,4169,50,402
1908,7780,511,64
1909,2250,274,304
1910,119,220,2
1911,5413,297,163
1912,2023,118,37
1913,75,202,11
1914,99,211,89
1915,3774,211,57
1916,4838,284,45
1917,2121,650,1
1918,1136,88,44
1919,0,41,0
1920,4880,144,151
1921,6134,463,96
1922,3239,72,155
1923,6404,202,209
1924,5720,234,161
1925,1765,239,11
1926,1434,74,47
1927,5104,124,236
1928,1575,165,1
1929,5669,161,393
1930,1834,63,114
1931,41,3,12
1932,3880,568,41
1933,5462,322,64
1934,2597,175,21
1935,2084,125,13
1936,1846,237,112
1937,0,142,0
1938,5407,257,101
1939,7875,534,185
1940,1509,5,98
1941,61,118,1
1942,5044,322,194
1943,1848,238,7
1944,0,105,0
1945,2005,648,4
1946,208,209,38
1947,5222,166,125
1948,4188,207,229
1949,6893,447,168
1950,1657,205,3
1951,1189,79,7
1952,3536,1180,193
1953,2437,155,318
1954,0,35,0
1955,4498,468,92
1956,8025,350,136
1957,3894,323,52
1958,1410,2,208
1959,555,184,3
1960,6389,308,244
1961,1755,134,80
1962,296,45,1
1963,3964,611,38
1964,5515,667,65
1965,1847,213,8
1966,1468,346,30
1967,0,121,0
1968,5270,370,34
1969,5186,191,192
1970,0,409,0
1971,1551,336,26
1972,4512,229,209
1973,4680,326,271
1974,5011,213,364
1975,1905,4,1045
1976,906,82,10
1977,5244,706,138
1978,2748,139,81
1979,1799,772,2
1980,77,1,15
1981,3060,470,27
1982,4952,577,141
1983,1578,192,84
1984,1570,114,75
1985,0,412,0
1986,4661,323,101
1987,7429,924,50
1988,1532,461,118
1989,37,1588,1
1990,1361,157,41
1991,5289,198,346
1992,1910,162,13
1993,0,702,0
1994,4887,837,145
1995,0,8,0
1996,886,242,15
1997,7851,1148,266
1998,3888,478,116
1999,5389,454,143
2000,3602,282,88
2001,7035,370,103
2002,0,216,0
2003,3157,379,166
2004,0,0,0
2005,5107,248,112
2006,8350,714,381
2007,1578,591,207
2008,716,78,6
2009,5592,561,173
2010,2064,522,1
2011,222,20,0
2012,3818,3104,45
2013,5143,234,120
2014,6505,634,150
2015,1982,131,22
2016,1420,56,24
2017,6001,353,297
2018,1681,204,11
2019,62,138,0
2020,4616,385,159
2021,117,7,8
2022,4186,55,385
2023,7779,314,65
2024,6274,461,68
2025,2086,346,468
2026,119,229,2
2027,5404,289,172
2028,2045,130,15
2029,80,274,108
2030,3781,271,50
2031,4840,306,43
2032,2121,615,1
2033,1116,96,64
2034,0,66,0
2035,2965,30,142
2036,4885,135,146
2037,6133,488,97
2038,3241,44,153
2039,6398,213,215
2040,1767,264,9
2041,1441,85,40
2042,5054,114,286
2043,1575,157,1
2044,5513,164,74
2045,1300,194,172
2046,6304,254,215
2047,2318,81,74
2048,12930,192,384
2049,7994,213,178
2050,520,62,96
2051,7993,272,263
2052,6271,106,177
2053,0,0,0
2054,5656,114,222
2055,763,283,8
2056,2529,73,426
2057,1770,303,4
2058,3113,313,65
2059,7176,358,107
2060,6176,39,266
2061,11233,448,181
2062,7073,225,196
2063,685,93,33
2064,8206,347,120
2065,2105,88,139
2066,13249,375,286
2067,335,17,46
2068,1272,126,6
2069,3432,208,43
2070,6269,228,111
2071,3038,248,21
2072,6042,280,70
2073,438,83,19
2074,0,413,0
2075,3002,43,230
2076,3640,249,27
2077,7737,259,274
2078,2793,267,70
2079,5872,90,245
2080,13028,431,286
2081,227,0,97
2082,3581,183,29
2083,8530,304,94
2084,5077,121,483
2085,1067,40,249
2086,2003,129,99
2087,937,116,38
2088,2126,54,160
2089,11180,286,306
2090,1764,166,0
2091,6586,285,140
2092,640,132,18
2093,0,106,0
2094,2899,37,170
2095,3180,138,111
2096,7565,338,271
2097,5348,190,163
2098,1309,50,102
2099,79,6,84
2100,3299,225,28
2101,640,322,17
2102,7489,188,164
2103,561,231,1
2104,7166,413,190
2105,641,126,9
2106,7693,505,175
2107,6196,100,298
2108,11521,293,558
2109,6036,148,322
2110,676,286,1
2111,0,2,0
2112,6406,25,217
2113,0,0,0
2114,320,104,22
2115,3511,289,50
2116,8562,132,220
2117,5096,135,182
2118,775,50,106
2119,2496,22,155
2120,13305,244,333
2121,153,46,15
2122,12153,199,345
2123,211,24,22
2124,3956,54,126
2125,3641,354,85
2126,6534,347,300
2127,5544,59,393
2128,11437,569,333
2129,6100,158,366
2130,5535,179,52
2131,1342,226,130
2132,2309,54,83
2133,12920,172,394
2134,7981,198,191
2135,14,0,310
2136,606,251,10
2137,7978,249,278
2138,6303,81,145
2139,0,0,0
2140,5653,120,225
2141,759,259,12
2142,2524,72,431
2143,3112,264,66
2144,7174,335,109
2145,6175,35,267
2146,3941,104,68
2147,11172,438,242
2148,7002,206,267
2149,661,88,57
2150,8220,372,106
2151,2098,55,146
2152,13245,382,290
2153,344,16,37
2154,3432,204,43
2155,6270,240,110
2156,3026,245,33
2157,10212,164,359
2158,6039,270,73
2159,429,62,28
2160,0,394,0
2161,3023,41,209
2162,3629,257,38
2163,7740,269,271
2164,2790,97,73
2165,13035,419,279
2166,216,4,108
2167,3579,212,31
2168,5551,90,384
2169,8525,360,99
2170,5088,101,472
2171,1145,47,171
2172,2003,119,99
2173,955,206,20
2174,2157,70,129
2175,11172,251,314
2176,6561,292,165
2177,641,153,17
2178,0,51,0
2179,4259,172,220
2180,2866,34,203
2181,3187,152,104
2182,42,13,94
2183,7285,414,600
2184,3601,35,421
2185,1804,174,469
2186,3186,1039,53
2187,6641,130,456
2188,9928,291,774
2189,289,1,218
2190,5344,173,168
2191,4431,222,683
2192,3995,53,460
2193,4019,36,103
2194,1251,193,227
2195,461,14,476
2196,7258,174,653
2197,3338,45,603
2198,2815,101,566
2199,3677,156,466
2200,6414,59,711
2201,4352,226,525
2202,8196,533,731
2203,120,11,67
2204,4961,120,752
2205,3883,40,265
2206,4153,47,172
2207,1862,223,71
2208,0,159,0
2209,7311,230,566
2210,3434,88,480
2211,2127,282,464
2212,9901,299,228
2213,4136,388,1109
2214,6454,213,391
2215,9697,250,712
2216,248,2,132
2217,4616,97,690
2218,3885,64,473
2219,3951,46,86
2220,1298,132,334
2221,716,9,184
2222,6850,312,221
2223,12714,187,332
2224,11484,558,166
2225,1091,604,0
2226,3434,46,780
2227,2840,166,1016
2228,4222,98,884
2229,5976,141,223
2230,7640,232,829
2231,182,2,78
2232,4026,862,39
2233,3949,335,275
2234,3975,62,85
2235,1624,220,291
2236,0,0,0
2237,142,2,194
2238,7556,237,483
2239,3723,57,305
2240,2218,140,1139
2241,4418,209,637
2242,6700,122,482
2243,8873,520,851
2244,0,0,196
2245,4443,233,504
2246,3843,87,294
2247,3520,104,147
2248,3610,82,75
2249,1195,168,293
2250,551,18,407
2251,7144,50,528
2252,3397,40,661
2253,2675,132,835
2254,3821,225,411
2255,6946,83,350
2256,10196,248,786
2257,434,0,54
2258,0,0,0
2259,4058,610,70
2260,3863,236,347
2261,3906,60,78
2262,1742,5,911
2263,279,20,141
2264,7779,112,584
2265,3605,87,455
2266,2241,74,1143
2267,4411,119,583
2268,6658,144,401
2269,3612,79,73
2270,8829,194,808
2271,0,0,203
2272,4641,182,587
2273,3841,131,157
2274,3784,87,75
2275,1441,424,120
2276,968,47,182
2277,6856,153,441
2278,3497,64,748
2279,2230,57,855
2280,0,0,0
2281,3780,793,97
2282,6640,252,109
2283,9722,230,734
2284,218,24,134
2285,4271,503,1036
2286,4023,160,420
2287,3998,69,95
2288,1433,87,266
2289,394,14,183
2290,7573,104,508
2291,5946,46,247
2292,3332,82,418
2293,2206,222,724
2294,3929,251,332
2295,6512,73,603
2296,8694,182,1370
2297,8,0,255
2298,5307,216,653
2299,3973,13,337
2300,3961,49,104
2301,1994,454,290
2302,11285,402,283
2303,87,82,49
2304,7272,415,613
2305,3621,32,401
2306,1809,188,464
2307,3199,1024,40
2308,6648,141,449
2309,9905,197,797
2310,301,1,206
2311,4426,211,688
2312,4043,49,412
2313,0,0,0
2314,4015,38,107
2315,1269,261,209
2316,558,21,379
2317,7349,138,562
2318,3310,48,631
2319,2819,75,562
2320,3666,155,477
2321,6404,59,721
2322,8203,478,724
2323,123,14,64
2324,11035,176,288
2325,4956,95,757
2326,3882,46,266
2327,4150,38,175
2328,1843,237,90
2329,0,96,0
2330,7330,237,547
2331,3433,66,481
2332,2052,281,539
2333,4185,417,1060
2334,6430,222,415
2335,7773,303,116
2336,6168,176,613
2337,9754,250,655
2338,241,0,139
2339,4676,133,630
2340,3891,73,467
2341,3960,39,77
2342,1304,113,328
2343,742,14,158
2344,6871,359,200
2345,3448,47,766
2346,2977,178,879
2347,4022,133,325
2348,4257,70,849
2349,5984,135,215
2350,7609,215,860
2351,141,1,119
2352,4006,864,59
2353,3969,332,255
2354,3977,66,83
2355,1555,185,360
2356,121,2,215
2357,7500,221,539
2358,9218,604,340
2359,3726,53,302
2360,2183,154,1174
2361,4445,254,610
2362,6697,113,485
2363,8876,402,848
2364,3,0,193
2365,4448,206,499
2366,3827,97,310
2367,3612,80,73
2368,1200,122,288
2369,1291,452,3
2370,732,21,226
2371,7126,55,546
2372,3386,43,672
2373,2668,203,842
2374,3840,217,392
2375,9688,478,480
2376,1322,278,0
2377,0,0,0
2378,3733,54,132
2379,150,233,0
2380,4894,69,136
2381,707,109,17
2382,267,0,135
2383,4902,87,61
2384,254,22,62
2385,2546,70,176
2386,2881,222,33
2387,6306,190,257
2388,3857,302,22
2389,8876,824,496
2390,825,651,0
2391,0,0,0
2392,7965,597,102
2393,4375,118,62
2394,0,0,0
2395,3893,129,132
2396,100,18,100
2397,4799,95,116
2398,10119,236,203
2399,0,0,0
2400,10162,207,269
2401,0,0,0
2402,10681,166,313
2403,2499,55,105
2404,6552,86,553
2405,1236,297,3
2406,8990,428,337
2407,1087,397,6
2408,0,0,0
2409,4805,61,150
2410,170,4,142
2411,4483,64,160
2412,290,0,94
2413,4602,87,210
2414,12488,367,257
2415,10412,214,216
2416,5370,280,269
2417,4615,239,63
2418,5685,141,386
2419,4371,334,90
2420,5982,66,429
2421,4216,413,47
2422,7620,236,358
2423,5041,51,284
2424,0,0,0
2425,212,12,57
2426,4965,103,122
2427,232,6,83
2428,4265,26,205
2429,10275,114,615
2430,0,0,0
2431,10274,169,256
2432,5548,176,167
2433,4495,267,91
2434,9869,399,146
2435,1112,532,0
2436,3222,270,34
2437,9670,688,137
2438,1227,375,0
2439,9600,643,58
2440,648,330,9
2441,0,0,0
2442,3949,55,133
2443,10,0,314
2444,3934,87,75
2445,10211,153,360
2446,5569,83,366
2447,6256,248,79
2448,4274,245,205
2449,5347,158,165
2450,4384,236,493
2451,9914,343,215
2452,1091,570,0
2453,0,0,0
2454,3549,111,118
2455,0,0,0
2456,3608,83,77
2457,0,0,0
2458,603,130,10
2459,5947,37,246
2460,11327,394,241
2461,0,0,0
2462,11002,144,321
2463,6183,167,598
2464,4016,138,331
2465,9220,663,338
2466,1292,405,2
2467,9719,502,449
2468,1322,277,0
2469,7692,215,118
2470,7345,467,134
2471,0,0,0
2472,3721,50,144
2473,150,202,0
2474,4889,47,141
2475,268,0,134
2476,4887,91,76
2477,245,1,71
2478,2563,69,159
2479,2892,240,22
2480,6269,167,294
2481,6056,98,242
2482,3854,300,25
2483,8874,776,498
2484,825,480,0
2485,0,0,0
2486,4343,121,94
2487,0,0,0
2488,3876,117,149
2489,139,51,61
2490,4793,103,122
2491,10135,240,187
2492,11603,245,661
2493,0,0,0
2494,10237,214,194
2495,0,0,0
2496,10722,165,272
2497,2601,58,8
2498,5965,175,402
2499,0,0,0
2500,6758,237,364
2501,2038,84,22
2502,0,0,0
2503,6434,168,248
2504,8678,186,566
2505,540,225,119
2506,4725,104,409
2507,6566,960,37
2508,9381,1051,119
2509,25,190,3
2510,5011,302,358
2511,3847,527,74
2512,4421,183,97
2513,1429,372,169
2514,693,179,10
2515,37,274,9
2516,7038,838,607
2517,3104,42,552
2518,2005,116,333
2519,4390,305,258
2520,6725,423,209
2521,0,0,0
2522,2556,70,3
2523,5436,266,468
2524,0,0,0
2525,0,144,0
2526,7303,311,215
2527,1817,103,403
2528,5402,80,433
2529,3790,471,115
2530,4218,278,63
2531,1321,802,16
2532,123,229,71
2533,7084,971,163
2534,3316,131,303
2535,1538,91,138
2536,259,74,8
2537,4136,323,241
2538,6965,251,141
2539,9882,235,680
2540,211,1,158
2541,4646,296,260
2542,3861,451,360
2543,0,0,0
2544,487,6,159
2545,6631,422,321
2546,0,0,0
2547,3659,295,69
2548,2557,37,9
2549,5027,179,920
2550,11,95,0
2551,7222,1125,163
2552,3137,152,50
2553,855,196,8
2554,4510,107,485
2555,6815,521,111
2556,10122,338,540
2557,216,0,275
2558,8061,143,177
2559,4730,465,216
2560,3774,499,168
2561,4019,98,153
2562,1364,223,206
2563,17,367,88
2564,7355,546,582
2565,3252,662,596
2566,0,0,0
2567,9047,190,621
2568,0,0,0
2569,5560,152,145
2570,688,0,286
2571,6927,501,311
2572,0,0,0
2573,6686,428,250
2574,9505,729,128
2575,0,68,0
2576,5328,178,470
2577,3808,649,74
2578,3090,1591,23
2579,1632,336,281
2580,528,195,1
2581,1171,66,45
2582,0,657,0
2583,6635,1235,207
2584,3167,45,342
2585,1606,142,213
2586,4487,325,273
2587,6691,313,332
2588,9720,753,811
2589,122,6,111
2590,7012,160,279
2591,2177,94,21
2592,2452,23,149
2593,0,0,0
2594,8605,87,615
2595,0,0,0
2596,839,299,103
2597,4440,325,171
2598,1337,369,14
2599,34,62,1
2600,7347,956,89
2601,3092,383,57
2602,858,572,62
2603,12437,278,271
2604,4273,284,339
2605,6141,1269,208
2606,9379,621,284
2607,191,4,137
2608,4958,283,218
2609,3696,493,571
2610,4190,11,204
2611,1440,227,76
2612,2602,62,7
2613,5988,219,379
2614,113,15,35
2615,0,0,0
2616,6757,235,365
2617,2039,105,21
2618,0,0,0
2619,8662,188,582
2620,505,217,154
2621,4711,91,423
2622,6566,985,37
2623,9366,883,134
2624,25,171,3
2625,3072,281,38
2626,5019,303,350
2627,3826,525,95
2628,4390,164,128
2629,1414,377,184
2630,40,348,6
2631,7037,817,608
2632,3092,50,564
2633,1915,111,423
2634,4373,286,275
2635,6720,419,214
2636,6249,294,41
2637,0,0,0
2638,2550,50,9
2639,5482,274,422
2640,0,0,0
2641,7244,288,274
2642,1861,107,359
2643,5427,105,408
2644,3764,486,141
2645,4224,220,57
2646,1318,614,19
2647,646,206,0
2648,85,343,109
2649,7057,939,190
2650,3283,101,336
2651,1527,86,149
2652,4091,189,286
2653,6914,205,192
2654,9849,217,713
2655,154,1,215
2656,4632,307,274
2657,3871,406,350
2658,0,419,0
2659,0,2,0
2660,555,7,91
2661,6718,387,234
2662,0,0,0
2663,2545,32,21
2664,4993,173,954
2665,11,148,0
2666,7231,1053,154
2667,3143,155,44
2668,848,262,15
2669,2583,44,310
2670,4553,224,442
2671,6760,482,166
2672,10121,329,541
2673,206,0,285
2674,4713,488,233
2675,3791,513,151
2676,4042,121,130
2677,1362,196,208
2678,39,466,66
2679,7369,540,568
2680,2965,303,54
2681,3257,765,591
2682,1433,176,16
2683,9821,373,151
2684,1410,156,4
2685,9947,283,150
2686,1136,235,7
2687,9556,449,149
2688,5471,49,177
2689,339,21,40
2690,0,0,0
2691,8094,338,204
2692,7423,214,267
2693,413,12,46
2694,5723,87,246
2695,0,0,0
2696,6036,132,248
2697,0,0,0
2698,6577,139,539
2699,0,91,0
2700,6356,175,225
2701,0,150,0
2702,3369,241,79
2703,2312,53,91
2704,0,0,0
2705,3541,51,209
2706,0,0,0
2707,3392,162,164
2708,173,1,98
2709,0,0,0
2710,9698,263,135
2711,0,0,0
2712,9845,518,93
2713,0,0,0
2714,12579,335,187
2715,558,19,159
2716,0,0,0
2717,493,103,66
2718,0,0,0
2719,582,10,192
2720,0,0,0
2721,554,24,139
2722,4951,75,119
2723,123,30,1
2724,5058,96,65
2725,298,34,28
2726,269,0,101
2727,5192,94,72
2728,10656,218,119
2729,0,0,0
2730,2999,238,86
2731,6368,168,168
2732,2837,271,26
2733,0,0,0
2734,10075,215,251
2735,0,0,0
2736,3576,268,28
2737,10041,315,165
2738,0,0,0
2739,10099,257,346
2740,0,0,0
2741,9865,218,321
2742,0,0,0
2743,10618,268,104
2744,0,0,0
2745,10776,130,279
2746,0,0,0
2747,8126,404,58
2748,4231,316,23
2749,5972,166,345
2750,3173,50,95
2751,8776,349,716
2752,0,0,0
2753,6223,177,202
2754,2498,347,6
2755,6187,148,155
2756,2529,388,44
2757,6519,210,351
2758,5726,89,363
2759,2496,85,114
2760,6705,197,426
2761,2202,248,8
2762,5773,111,190
2763,4403,224,116
2764,5863,72,302
2765,4414,191,175
2766,5539,196,255
2767,3052,71,78
2768,8512,355,877
2769,1165,81,57
2770,5616,110,185
2771,0,0,0
2772,2848,78,72
2773,8129,421,603
2774,2844,136,86
2775,8027,575,569
2776,2810,60,278
2777,7762,197,553
2778,3136,33,120
2779,7688,310,397
2780,2414,87,125
2781,1434,162,15
2782,9820,409,152
2783,1413,154,1
2784,9949,298,148
2785,1134,235,9
2786,9573,596,132
2787,5453,46,195
2788,352,32,27
2789,0,0,0
2790,432,29,27
2791,12181,226,291
2792,5698,89,271
2793,0,0,0
2794,6034,132,250
2795,0,0,0
2796,6589,134,527
2797,0,77,0
2798,6351,250,230
2799,0,114,0
2800,3362,185,86
2801,0,0,0
2802,5948,93,131
2803,91,57,1
2804,3523,56,227
2805,0,0,0
2806,3402,134,154
2807,183,13,88
2808,0,0,0
2809,9683,255,150
2810,0,0,0
2811,9833,479,105
2812,0,0,0
2813,595,6,122
2814,3015,370,24
2815,0,0,0
2816,488,103,71
2817,0,0,0
2818,556,2,218
2819,0,0,0
2820,584,32,109
2821,4956,81,114
2822,120,27,4
2823,5069,96,54
2824,308,6,62
2825,6975,402,300
2826,5176,105,88
2827,10665,221,110
2828,0,0,0
2829,2997,232,88
2830,6390,174,146
2831,2820,209,43
2832,0,0,0
2833,10136,217,190
2834,0,0,0
2835,10075,338,131
2836,6174,66,350
2837,0,0,0
2838,10152,273,293
2839,0,0,0
2840,9863,217,323
2841,1775,120,224
2842,5946,215,93
2843,4306,121,773
2844,315,26,311
2845,4899,370,223
2846,5368,247,267
2847,11616,497,195
2848,7174,131,981
2849,120,1,95
2850,5259,671,523
2851,4526,195,637
2852,2,4,0
2853,2315,28,769
2854,229,40,51
2855,5504,212,149
2856,3557,82,688
2857,3261,443,92
2858,6318,180,337
2859,1730,1144,22
2860,2325,388,224
2861,1279,34,23
2862,5517,501,41
2863,5239,256,151
2864,594,101,4
2865,4932,465,846
2866,4848,214,569
2867,553,39,19
2868,1985,30,514
2869,5697,226,31
2870,1567,70,664
2871,5708,193,107
2872,3783,61,926
2873,27,2,207
2874,4340,286,465
2875,3821,86,388
2876,6907,117,737
2877,160,15,110
2878,5749,904,742
2879,4341,137,252
2880,1246,231,33
2881,2219,916,51
2882,1344,36,21
2883,6641,75,286
2884,2253,134,96
2885,3715,202,97
2886,3215,139,36
2887,2728,162,119
2888,439,0,376
2889,4547,288,288
2890,5357,194,343
2891,2357,67,60
2892,7838,144,832
2893,7,1,7
2894,4714,818,296
2895,4691,243,283
2896,0,5,0
2897,1639,18,1025
2898,199,9,339
2899,5574,298,37
2900,3923,57,913
2901,352,175,180
2902,12697,206,349
2903,4195,173,751
2904,5439,233,94
2905,2423,989,45
2906,3439,112,169
2907,4702,240,133
2908,408,61,6
2909,3085,425,79
2910,1561,102,14
2911,767,72,165
2912,1833,106,272
2913,673,187,44
2914,7684,188,126
2915,1446,84,625
2916,5959,249,137
2917,3963,83,888
2918,263,20,488
2919,5026,446,137
2920,4578,255,126
2921,6588,128,704
2922,27,0,268
2923,6508,849,138
2924,3994,306,353
2925,527,197,2
2926,121,26,520
2927,1842,179,414
2928,3820,133,170
2929,4714,639,88
2930,511,865,3
2931,3476,186,57
2932,3047,346,85
2933,2532,1589,1
2934,1071,91,23
2935,4885,288,184
2936,8092,319,206
2937,7460,272,588
2938,0,1,0
2939,5296,447,431
2940,4504,261,516
2941,626,14,31
2942,2174,14,661
2943,1289,482,323
2944,5861,180,129
2945,3617,68,729
2946,66,116,257
2947,5952,83,127
2948,3844,168,389
2949,4269,181,405
2950,6214,228,572
2951,0,0,68
2952,3325,1033,86
2953,3182,412,35
2954,3633,136,344
2955,1534,369,41
2956,2765,235,81
2957,2251,270,10
2958,676,198,41
2959,1756,86,243
2960,5963,296,76
2961,4368,99,711
2962,274,32,352
2963,4877,371,245
2964,5349,224,286
2965,7199,128,956
2966,119,1,96
2967,5339,676,443
2968,4537,172,626
2969,2213,37,172
2970,2,9,0
2971,2295,34,789
2972,234,47,46
2973,5522,195,131
2974,3503,84,742
2975,3251,412,102
2976,1732,1158,20
2977,2322,348,227
2978,1283,33,19
2979,5519,512,39
2980,11677,287,205
2981,5215,194,175
2982,594,73,4
2983,4883,483,895
2984,4881,178,536
2985,560,67,12
2986,1946,21,553
2987,1610,68,621
2988,5707,172,108
2989,3763,47,946
2990,11,0,223
2991,6450,237,157
2992,4440,284,365
2993,3891,96,318
2994,6818,117,826
2995,148,14,122
2996,5708,990,783
2997,4334,156,259
2998,2202,946,68
2999,1343,37,22
3000,6627,77,300
3001,2261,141,88
3002,634,240,1
3003,3720,206,92
3004,3215,142,36
3005,2803,217,44
3006,461,0,354
3007,4563,352,272
3008,5328,177,372
3009,7811,135,859
3010,5,1,9
3011,4799,917,211
3012,4639,249,335
3013,0,232,0
3014,0,3,0
3015,1699,24,965
3016,288,27,250
3017,5566,268,45
3018,3921,65,915
3019,380,187,152
3020,4078,153,868
3021,5435,210,98
3022,2425,905,43
3023,3452,74,156
3024,2249,39,136
3025,2629,28,286
3026,4737,224,98
3027,410,41,4
3028,3066,369,98
3029,1556,106,19
3030,756,294,1
3031,0,35,0
3032,3953,71,145
3033,0,0,210
3034,3704,132,94
3035,10547,160,470
3036,2913,139,85
3037,5507,123,441
3038,3913,133,419
3039,9383,265,579
3040,989,137,23
3041,0,0,0
3042,4108,57,211
3043,101,93,0
3044,5047,59,168
3045,460,4,60
3046,4574,80,89
3047,7774,565,231
3048,155,4,90
3049,2597,145,222
3050,2991,253,13
3051,6644,171,263
3052,3483,233,39
3053,9036,642,642
3054,655,201,40
3055,0,0,0
3056,4080,91,108
3057,66,0,100
3058,5718,196,136
3059,4691,94,197
3060,10579,198,463
3061,4936,170,297
3062,3749,168,100
3063,5649,167,471
3064,4554,258,83
3065,5953,110,343
3066,4009,332,52
3067,7468,252,391
3068,5532,88,292
3069,1284,159,53
3070,0,0,0
3071,5138,152,91
3072,187,2,154
3073,4147,26,196
3074,9717,130,845
3075,5692,131,260
3076,4331,162,543
3077,10367,191,360
3078,998,513,2
3079,0,0,0
3080,256,38,17
3081,3948,71,142
3082,0,0,0
3083,3753,72,128
3084,0,0,0
3085,5926,188,216
3086,10804,436,287
3087,0,0,0
3088,11177,174,648
3089,6467,196,621
3090,3996,129,270
3091,3371,252,23
3092,8043,452,558
3093,1262,356,8
3094,0,0,0
3095,4050,115,120
3096,0,1,34
3097,4705,144,127
3098,10249,223,203
3099,0,0,0
3100,10206,289,338
3101,0,0,0
3102,6987,156,117
3103,10742,135,397
3104,6598,51,493
3105,1320,182,28
3106,8440,356,492
3107,964,350,7
3108,0,0,0
3109,4887,66,194
3110,526,108,34
3111,4620,78,176
3112,10552,159,297
3113,515,106,2
3114,5556,202,144
3115,4788,153,170
3116,9104,302,239
3117,956,411,5
3118,9347,459,156
3119,1391,485,3
3120,9595,558,112
3121,744,330,13
3122,0,67,0
3123,3933,82,165
3124,7886,397,107
3125,0,0,210
3126,3700,116,98
3127,10549,168,468
3128,5513,158,435
3129,3955,166,377
3130,9415,372,547
3131,1005,160,7
3132,0,0,0
3133,4116,54,203
3134,101,79,0
