# Stats for class 1
0,41077,264,2784
1,56873,49,641
2,29177,285,3812
3,40727,45,4491
4,35152,316,9993
5,53029,4,791
6,34483,176,7117
7,52727,41,3883
8,41838,739,5116
9,49532,239,1988
10,36775,2197,2534
11,44569,601,2899
12,30213,667,6396
13,55935,52,1237
14,54920,149,484
15,59256,18,51
16,42822,1023,2711
17,53883,0,4081
18,33123,914,1393
19,33872,66,3281
20,43769,214,2536
21,46486,61,4089
22,41898,469,2764
23,45298,53,2474
24,43183,27,2728
25,42082,558,2880
26,47764,67,2826
27,33514,143,6487
28,42103,930,825
29,58703,19,49
30,42350,749,1138
31,54363,5,944
32,34033,509,1008
33,35478,327,3159
34,43202,79,2977
35,47071,208,2034
36,50346,297,1566
37,29078,216,5326
38,56087,87,1669
39,59493,0,35
40,45043,400,3308
41,59363,0,33
42,47033,5,3527
43,59317,2,116
44,49284,88,1186
45,48469,23,1304
46,50821,69,1779
47,36981,51,4141
48,41748,142,1870
49,57062,26,297
50,55067,15,582
51,53858,25,291
52,45997,125,1267
53,46739,922,1931
54,49086,58,1259
55,58372,9,159
56,49690,95,1727
57,46314,57,3204
58,41929,14,2608
59,41352,14,3526
60,55466,6,477
61,37827,119,3221
62,55890,2,778
63,59122,3,83
64,46990,125,1457
65,43436,341,1021
66,45430,124,1268
67,43965,51,1240
68,45388,231,1282
69,29814,396,3798
70,55988,23,542
71,48938,51,1247
72,49206,502,1699
73,59293,144,16
74,48363,137,1806
75,46671,404,1116
76,42282,35,1475
77,55275,4,205
78,39327,92,3180
79,58761,0,79
80,39309,20,3618
81,57066,30,187
82,51411,41,760
83,45857,29,3234
84,46238,20,3955
85,51935,184,918
86,37232,149,3297
87,54644,9,637
88,38445,140,2139
89,53351,19,499
90,54206,48,441
91,58311,11,501
92,50376,57,1278
93,48751,186,1365
94,40881,501,1715
95,56566,39,122
96,40625,180,1870
97,55686,24,1559
98,55850,181,124
99,52890,64,274
100,46090,59,2611
101,50871,0,2381
102,37292,59,8127
103,50407,399,622
104,58094,6,350
105,46508,95,1652
106,47242,86,1322
107,48605,32,1516
108,53180,7,852
109,45941,82,3037
110,51611,180,884
111,44860,46,1564
112,53536,236,473
113,41173,128,2873
114,38507,491,2718
115,55798,0,1238
116,53389,14,2431
117,45272,277,1473
118,53875,55,349
119,47476,154,1559
120,49180,22,2591
121,50119,705,603
122,58587,129,113
123,49925,246,968
124,47733,36,1981
125,25987,152,1924
126,41295,30,2133
127,55025,9,206
128,37156,126,2897
129,58799,1,180
130,57496,2,845
131,49641,76,1318
132,44875,62,4405
133,48197,60,904
134,55224,4,334
135,47976,24,1209
136,59208,0,59
137,57501,1,243
138,44574,75,3445
139,56390,14,523
140,53993,76,237
141,50059,88,1031
142,47109,93,2785
143,41082,121,1547
144,56052,9,128
145,40071,352,1476
146,58811,5,78
147,49537,25,2730
148,55522,17,214
149,51532,19,480
150,45544,32,3668
151,51977,21,2372
152,50601,207,1941
153,58488,22,336
154,46972,101,2298
155,46113,88,1846
156,50263,41,699
157,44767,380,2459
158,42033,650,2075
159,50294,37,943
160,49277,61,1193
161,48501,18,1272
162,50779,53,1821
163,41902,146,1716
164,57107,23,252
165,55110,10,539
166,53868,29,281
167,45938,140,1326
168,46784,904,1886
169,56483,190,945
170,49205,83,1140
171,58359,20,172
172,49762,97,1655
173,46639,65,2879
174,41607,24,3271
175,55581,7,362
176,37905,146,3143
177,56001,4,667
178,59115,2,90
179,46927,119,1520
180,37033,627,1434
181,43333,735,1124
182,45411,100,1287
183,43906,39,1299
184,45305,199,1365
185,56018,26,512
186,48933,33,1252
187,49243,457,1662
188,59282,151,27
189,48490,118,1679
190,46628,424,1159
191,41555,58,2156
192,42359,35,1398
193,55263,1,217
194,39367,80,3140
195,58746,0,94
196,57059,37,194
197,51334,42,837
198,45594,36,3497
199,46205,19,3988
200,51991,218,862
201,37102,138,3427
202,29879,181,3529
203,54669,10,612
204,38498,141,2086
205,53400,17,450
206,54185,39,462
207,50455,58,1199
208,48774,190,1342
209,40759,429,1837
210,56580,41,108
211,40576,168,1919
212,55192,17,2053
213,41538,86,2729
214,55851,164,123
215,52891,29,273
216,46081,64,2620
217,50828,1,2424
218,50370,235,659
219,58078,1,366
220,46554,106,1606
221,47212,90,1352
222,48626,31,1495
223,53177,23,855
224,57666,168,338
225,57096,84,742
226,45790,77,3188
227,51611,157,884
228,44468,50,1956
229,53525,217,484
230,49648,126,1131
231,48474,30,1123
232,50042,70,1989
233,41787,184,1791
234,57039,31,366
235,54931,24,686
236,54676,159,358
237,53288,22,368
238,46629,212,1151
239,46403,966,2283
240,48700,114,1109
241,58128,12,246
242,49659,157,1609
243,46915,72,2480
244,41645,30,3233
245,55949,7,366
246,37634,212,2896
247,46102,31,2976
248,55747,8,698
249,59082,1,62
250,46809,156,1256
251,42778,708,997
252,45313,173,1256
253,44642,78,1328
254,45263,204,1180
255,55972,35,490
256,48428,90,1317
257,49206,618,1839
258,50944,5,1135
259,59391,116,3
260,48586,230,1411
261,46092,438,1015
262,42329,44,1438
263,54718,10,163
264,39893,150,3062
265,58725,9,124
266,56873,5,220
267,51715,74,756
268,45260,45,3353
269,58143,0,252
270,46101,23,3671
271,52099,120,822
272,36552,190,3061
273,54492,13,599
274,38917,215,2109
275,52809,32,450
276,53605,111,555
277,49888,67,1306
278,48467,278,1291
279,40989,657,1833
280,40787,109,2806
281,56384,52,75
282,40191,268,1778
283,55407,26,2234
284,55973,217,88
285,52216,34,318
286,45864,81,2767
287,50409,17,2574
288,50421,555,761
289,58162,12,315
290,46743,137,1324
291,49256,114,579
292,47729,136,997
293,48712,28,1509
294,52606,13,1064
295,45359,89,3211
296,52085,247,745
297,43575,92,1820
298,53468,223,473
299,55377,0,1446
300,52783,23,2476
301,45328,275,1399
302,59286,0,133
303,53657,99,387
304,48463,171,1368
305,49670,18,2334
306,50241,507,439
307,58526,259,114
308,49716,319,1004
309,46891,60,2150
310,41578,24,1920
311,55384,21,161
312,36718,170,2602
313,50390,17,1618
314,58417,0,316
315,57479,8,735
316,49026,51,1531
317,44747,93,4549
318,47839,103,741
319,55606,7,268
320,47965,50,1027
321,57409,3,283
322,44163,131,3327
323,55999,13,553
324,43469,990,1477
325,53938,105,228
326,49931,111,1026
327,46595,121,2405
328,41050,124,1850
329,55536,15,165
330,39875,489,1579
331,58881,5,76
332,55507,9,148
333,51755,20,539
334,45676,52,3440
335,54804,283,409
336,48767,85,1012
337,51239,27,2390
338,50466,250,1833
339,58613,46,310
340,46287,167,2044
341,45599,150,1714
342,50574,25,576
343,44718,548,2258
344,50286,47,981
345,49624,113,1155
346,48454,24,1143
347,57207,259,228
348,49996,73,2035
349,41933,208,1645
350,57125,26,280
351,54917,32,700
352,53318,15,338
353,46652,158,1128
354,46387,800,2299
355,48754,165,1055
356,58118,15,256
357,49802,150,1466
358,58191,199,165
359,47359,78,2036
360,41796,37,3082
361,55968,10,347
362,37700,241,2830
363,55753,12,692
364,59066,1,78
365,46762,157,1303
366,42741,1015,1034
367,45210,136,1359
368,44631,82,1339
369,45860,65,1458
370,45236,215,1207
371,56008,50,454
372,48352,40,1393
373,49215,578,1830
374,59369,131,25
375,48524,139,1473
376,46065,440,1042
377,42412,43,1355
378,54687,8,194
379,40012,143,2943
380,43739,55,2065
381,58716,5,133
382,56910,6,183
383,51690,73,781
384,44966,53,3647
385,46015,25,3757
386,52116,157,805
387,36489,179,3124
388,54515,14,576
389,38870,229,2156
390,52886,34,373
391,54086,272,1057
392,53655,102,505
393,49995,73,1199
394,48434,264,1324
395,40861,598,1961
396,56388,40,71
397,40146,242,1823
398,55770,27,1871
399,55976,181,85
400,52246,24,288
401,46039,71,2592
402,57907,0,1623
403,50326,32,2657
404,50372,277,810
405,58161,10,316
406,46681,138,1386
407,47657,130,1069
408,48785,39,1436
409,52673,17,997
410,45351,103,3219
411,52065,266,765
412,43728,65,1667
413,41582,53,3587
414,53424,199,517
415,52822,22,1267
416,41767,87,3560
417,32105,70,1895
418,47527,211,1289
419,44137,274,4705
420,40220,437,2218
421,30515,229,2367
422,54453,17,175
423,43898,98,6165
424,56318,17,362
425,47619,872,951
426,40702,17,588
427,47185,20,808
428,52924,416,598
429,40661,44,2861
430,30855,49,1627
431,54348,39,561
432,45571,2351,735
433,42015,58,1657
434,38082,57,1385
435,57901,56,1134
436,58407,3,93
437,47654,3,5073
438,48043,16,2419
439,39258,335,778
440,49831,2,383
441,52528,41,1074
442,41063,112,4157
443,30712,660,1705
444,48408,220,1073
445,43598,68,4817
446,44014,554,1786
447,46620,81,1956
448,41600,66,2486
449,32332,26,2258
450,53859,5,199
451,44826,294,4110
452,47091,151,3022
453,39275,190,517
454,47693,3,614
455,49701,0,2542
456,45181,244,2996
457,38206,386,1668
458,59212,54,132
459,53736,3,819
460,49132,33,3214
461,38967,1987,1708
462,39382,24,1206
463,58147,1,216
464,44848,714,2405
465,48195,83,1815
466,39465,141,851
467,49528,0,597
468,51776,35,1296
469,57420,0,496
470,38120,812,2139
471,31610,244,1478
472,49131,25,1267
473,41402,142,5233
474,43315,8,3178
475,32671,40,1748
476,53566,4,186
477,45841,35,4567
478,47044,19,2187
479,46625,71,958
480,43456,20,2569
481,52023,0,324
482,50390,2,1212
483,46591,81,1708
484,39767,116,1583
485,52873,2,1148
486,49347,9,2854
487,40177,97,2865
488,29971,172,2481
489,55554,0,176
490,44988,164,4747
491,50518,53,1206
492,48599,52,2299
493,40040,29,726
494,47604,146,1314
495,52543,23,1597
496,40521,668,1438
497,32421,25,1829
498,49398,75,1038
499,41895,490,3403
500,41364,703,3334
501,31655,85,1695
502,47063,91,1384
503,53961,0,207
504,46926,343,2209
505,46355,340,2246
506,46426,102,812
507,52450,5,285
508,48983,354,1897
509,45583,58,2261
510,40501,50,1620
511,47853,119,1269
512,43337,973,2119
513,46765,96,970
514,42178,38,1872
515,30407,539,3091
516,55098,0,205
517,44852,28,5208
518,46375,408,1423
519,39774,41,521
520,47250,4,1079
521,52856,71,1013
522,40425,75,3641
523,31688,82,1950
524,55722,779,395
525,50121,46,695
526,43800,95,5358
527,41711,237,1955
528,36455,371,1336
529,58015,0,131
530,47741,54,5760
531,48333,111,1926
532,46715,19,1084
533,51982,4,481
534,52879,21,1210
535,58883,28,165
536,41736,107,3591
537,32081,85,1919
538,47244,92,1572
539,44143,281,4699
540,40437,436,2001
541,30708,298,2174
542,54439,13,189
543,44074,107,5989
544,47575,626,995
545,40711,14,579
546,43649,537,1180
547,47169,14,824
548,53049,444,473
549,40731,40,2791
550,30808,59,1674
551,54340,44,569
552,45535,2036,771
553,42086,76,1586
554,38046,52,1421
555,58392,4,108
556,47992,6,4735
557,50837,57,1126
558,41433,311,1629
559,48022,14,2440
560,39232,340,804
561,49870,5,344
562,52565,37,1037
563,41243,113,3977
564,30753,575,1664
565,48368,159,1113
566,43528,63,4887
567,41397,74,2689
568,32256,28,2334
569,54289,36,1501
570,53876,9,182
571,44932,345,4004
572,47054,106,3059
573,39299,325,493
574,47718,5,589
575,49717,0,2526
576,45275,260,2902
577,38315,497,1559
578,53715,1,840
579,49054,31,3292
580,58699,0,370
581,39027,1956,1648
582,39361,37,1227
583,58143,0,220
584,44994,731,2259
585,47614,96,2396
586,39497,147,819
587,49552,0,573
588,51724,35,1348
589,37922,695,2337
590,31569,227,1519
591,43455,58,1767
592,49019,21,1379
593,41770,167,4865
594,43140,11,3353
595,32610,37,1809
596,53610,8,142
597,45713,26,4695
598,47043,13,2188
599,46640,108,943
600,52075,0,272
601,50274,1,1328
602,52299,63,1621
603,46621,83,1678
604,39685,112,1665
605,52960,0,1061
606,49183,10,3018
607,49936,474,440
608,47098,974,1953
609,59357,37,3
610,40172,593,1130
611,55992,532,151
612,57007,10,1572
613,59304,0,79
614,41124,1434,1939
615,49785,1158,869
616,40980,146,3974
617,30855,176,2929
618,28869,242,2030
619,55747,1,165
620,44084,257,1291
621,45531,172,1314
622,37810,224,850
623,50304,23,256
624,48124,11,4039
625,55223,13,1308
626,39516,89,2835
627,37619,950,682
628,47871,179,868
629,41029,365,1894
630,40752,258,2580
631,58966,31,257
632,51315,106,1169
633,48993,1580,701
634,59451,28,2
635,42430,294,2217
636,40416,508,2427
637,55478,65,843
638,42455,147,4614
639,39367,144,3318
640,39875,167,1375
641,49183,31,365
642,53849,4,2083
643,40358,221,2196
644,39845,620,692
645,49390,331,1237
646,55960,18,462
647,39949,188,4086
648,34614,462,2284
649,26675,1956,1850
650,55938,1,145
651,45172,266,2125
652,44735,966,1969
653,56789,61,1841
654,53215,474,506
655,40396,748,2287
656,59287,30,57
657,56658,108,459
658,50159,81,898
659,49276,509,1251
660,54480,8,1623
661,37479,155,3346
662,37097,364,1072
663,50371,177,523
664,40068,699,2551
665,33604,57,2731
666,29737,463,1886
667,56794,0,176
668,36224,372,3727
669,42471,242,2238
670,43690,256,3670
671,45847,35,1698
672,39568,80,986
673,49912,7,265
674,55479,6,1323
675,40802,576,2049
676,37119,302,1450
677,57861,90,156
678,39310,2585,1275
679,54944,733,638
680,55968,30,537
681,53825,436,1358
682,39417,935,3326
683,59368,66,2
684,32271,74,3126
685,27560,345,2336
686,55858,2,161
687,41710,554,2360
688,39554,421,3436
689,36831,391,878
690,50428,7,413
691,59112,0,221
692,53904,13,2740
693,41612,292,2307
694,39427,654,752
695,48204,173,1557
696,38497,301,5570
697,34773,683,2359
698,28625,1189,2745
699,55468,2,179
700,37996,1313,922
701,54968,379,549
702,45272,404,1603
703,57578,295,215
704,40604,1401,970
705,56215,253,1182
706,53020,369,1791
707,41902,148,536
708,49252,9,346
709,53820,36,1379
710,38220,262,2299
711,36527,296,1658
712,48963,78,1095
713,59046,0,128
714,39758,174,2578
715,33038,14,3396
716,27738,1424,1570
717,56510,0,105
718,44275,342,3901
719,43479,249,2194
720,40955,88,609
721,49378,8,326
722,49949,486,427
723,47079,777,1972
724,42928,156,1107
725,59359,33,1
726,40164,953,1138
727,55906,373,237
728,57444,26,1135
729,41313,1338,1750
730,49795,1033,859
731,41023,147,3931
732,30586,201,3198
733,28792,192,2107
734,55749,1,163
735,44539,38,2583
736,44066,251,1309
737,45108,163,1737
738,38024,566,636
739,50302,28,258
740,55339,14,1192
741,39708,95,2643
742,37612,935,689
743,47948,234,791
744,40706,328,2217
745,39804,182,3528
746,54046,437,1203
747,59000,36,223
748,51424,62,1060
749,48860,1298,834
750,59447,25,6
751,40381,470,2462
752,55518,40,803
753,42566,135,4503
754,39428,147,3257
755,39909,304,1341
756,49169,26,379
757,59151,2,235
758,53717,2,2215
759,40302,218,2252
760,39836,478,701
761,49412,318,1215
762,39756,183,4279
763,34666,453,2232
764,26410,1378,2115
765,55955,1,128
766,45207,298,2090
767,44951,1168,1753
768,42934,245,2174
769,57091,69,1539
770,53139,414,582
771,40315,779,2368
772,59209,20,135
773,50161,92,896
774,49467,635,1060
775,54604,11,1499
776,37248,136,3577
777,37055,201,1114
778,50326,194,568
779,42270,18,1984
780,49174,72,720
781,39930,639,2689
782,33575,48,2760
783,29780,522,1843
784,56821,0,149
785,43898,198,3462
786,45923,34,1622
787,39503,66,1051
788,49928,17,249
789,55422,5,1380
790,40616,524,2235
791,58901,90,111
792,36965,246,1604
793,55391,33,987
794,37921,186,3333
795,35383,130,1750
796,46687,517,1774
797,39428,329,2683
798,37609,214,2938
799,30865,102,2816
800,55943,7,250
801,46097,65,2138
802,49844,3,1655
803,45892,62,2195
804,42375,369,474
805,48909,18,279
806,52452,27,2060
807,40236,53,4286
808,34569,49,1742
809,48521,400,546
810,43017,60,4457
811,39957,13,2844
812,29592,286,2175
813,42190,943,1639
814,55035,12,166
815,44788,71,3058
816,48664,27,1849
817,41740,92,731
818,49810,1,394
819,53812,101,1793
820,36906,184,5259
821,35415,70,2239
822,47418,266,1014
823,39583,364,3051
824,51102,517,1692
825,38056,85,2996
826,29548,279,4101
827,56065,9,152
828,46971,137,1504
829,46595,48,2550
830,41878,59,1004
831,49957,39,305
832,52752,26,1439
833,40940,47,3461
834,35452,21,1356
835,57579,200,225
836,48157,51,894
837,40961,112,7769
838,41064,72,2683
839,31093,189,2351
840,55313,2,184
841,45757,62,2860
842,45579,46,2153
843,41480,87,1090
844,50054,25,436
845,54546,1,1227
846,58229,0,303
847,37646,135,4964
848,34305,74,1277
849,47632,135,1188
850,41283,274,2239
851,37783,57,1836
852,31181,141,2685
853,55455,10,137
854,46926,275,2012
855,47573,258,1981
856,42710,67,682
857,45653,164,1550
858,48983,12,402
859,52195,12,2204
860,41788,58,3142
861,34002,98,1469
862,49961,72,1287
863,42720,167,4481
864,36330,131,3338
865,28602,79,3444
866,56431,0,215
867,45595,249,1707
868,44769,88,1733
869,44512,95,2627
870,42552,85,771
871,49594,23,488
872,53932,19,886
873,36399,77,6876
874,33123,352,2368
875,47694,208,1949
876,43135,106,3326
877,38262,40,1605
878,31807,59,2319
879,51136,104,1798
880,55838,12,153
881,46407,54,1843
882,48295,74,1421
883,41692,43,554
884,49025,8,298
885,52006,83,1396
886,42143,18,4017
887,33396,108,1704
888,47378,340,1621
889,39858,172,3410
890,56543,40,705
891,42605,244,1658
892,37174,32,4552
893,30136,38,4696
894,56557,0,187
895,45185,181,2501
896,45627,149,1653
897,42405,172,653
898,49583,10,398
899,52745,11,1146
900,39507,29,4473
901,33026,50,1850
902,55624,23,893
903,48755,80,2197
904,43441,157,3599
905,38599,85,2671
906,30708,52,2448
907,55124,9,157
908,44658,65,5769
909,48060,121,2040
910,39625,142,707
911,49812,5,364
912,55189,42,1189
913,56300,296,653
914,38171,221,3083
915,35563,120,1570
916,46568,385,1893
917,39400,282,2711
918,37594,206,2953
919,30941,48,2740
920,55878,2,315
921,45826,74,2409
922,45656,80,2431
923,42402,368,447
924,42545,304,1863
925,48887,14,301
926,52819,36,1693
927,40788,46,3734
928,34403,45,1908
929,48309,217,758
930,42967,77,4507
931,40089,16,2712
932,29428,224,2339
933,55027,8,174
934,45182,123,2664
935,56308,41,395
936,48745,32,1768
937,41831,119,640
938,49832,3,372
939,53599,118,2006
940,37066,187,5099
941,35266,47,2388
942,47348,131,1084
943,39320,289,3314
944,38173,117,2879
945,29449,253,4200
946,39010,198,2145
947,56076,10,141
948,47003,136,1472
949,46889,56,2256
950,41981,61,901
951,49971,45,291
952,52785,27,1406
953,41061,80,3340
954,35204,29,1604
955,47925,29,1126
956,41116,125,7614
957,51040,52,552
958,41254,81,2493
959,31230,188,2214
960,55315,4,182
961,45742,32,2875
962,45371,40,2361
963,41600,128,970
964,50059,28,431
965,54528,0,1245
966,38082,114,4528
967,34141,25,1441
968,59391,18,44
969,47491,80,1329
970,41349,300,2173
971,37924,53,1695
972,31179,95,2687
973,55481,13,111
974,46796,211,2142
975,47569,252,1985
976,42716,75,676
977,48992,17,393
978,52069,12,2330
979,50713,22,1653
980,41499,49,3431
981,34048,100,1423
982,49952,85,1296
983,43132,169,4069
984,49279,2,2969
985,47061,59,1307
986,40988,64,1456
987,52314,10,1489
988,51363,22,1619
989,43858,75,1785
990,45708,282,1632
991,42340,11,1038
992,56201,8,65
993,51098,163,1562
994,46543,1211,1357
995,54829,1,543
996,50846,5,396
997,56384,277,392
998,50071,140,1394
999,41136,27,1039
1000,44848,436,1630
1001,59232,15,31
1002,47234,120,1037
1003,51013,1478,1510
1004,53518,131,850
1005,52936,75,1194
1006,42639,213,1269
1007,43991,247,1491
1008,56050,2,378
1009,49946,31,2561
1010,48283,38,1921
1011,47935,73,509
1012,51013,7,192
1013,56146,213,370
1014,50054,25,3590
1015,46768,36,2299
1016,43106,52,1115
1017,54103,22,1299
1018,49935,112,1418
1019,43566,106,1442
1020,41242,48,839
1021,57008,5,140
1022,46323,614,3257
1023,50265,138,1884
1024,58877,85,131
1025,53665,123,1011
1026,51934,413,469
1027,42979,128,1814
1028,52344,5,2108
1029,48988,40,1360
1030,47682,79,1847
1031,50611,127,790
1032,52179,7,1464
1033,51104,10,1759
1034,42717,195,1886
1035,45278,149,1842
1036,41081,21,995
1037,57109,2,65
1038,50942,38,2630
1039,46477,21,2183
1040,53065,32,561
1041,49251,89,242
1042,56485,13,682
1043,49071,260,945
1044,40594,16,1387
1045,54834,45,409
1046,43539,217,2083
1047,47146,1428,1485
1048,41595,104,1467
1049,49938,790,1560
1050,48173,776,1609
1051,43300,91,4104
1052,56553,5,670
1053,44000,110,2830
1054,55951,63,818
1055,47727,47,708
1056,51705,0,368
1057,55099,28,567
1058,49816,4,1783
1059,46495,77,1876
1060,42094,49,1246
1061,52541,5,1912
1062,51408,2,1769
1063,44144,46,1753
1064,44106,10,1305
1065,55861,5,100
1066,49543,1013,1202
1067,49490,56,1219
1068,59142,1,251
1069,53023,63,572
1070,49837,6,388
1071,48383,232,1670
1072,40809,266,3487
1073,55421,134,1273
1074,45788,94,1349
1075,49857,165,2171
1076,46348,8,6542
1077,52796,65,2093
1078,41150,50,2202
1079,41641,168,2130
1080,40037,7,1149
1081,57789,3,117
1082,50660,137,3143
1083,47420,133,979
1084,49670,19,786
1085,49899,8,226
1086,53932,6,1064
1087,48116,146,1685
1088,43913,59,1372
1089,54939,5,1153
1090,53673,1,1237
1091,51693,50,983
1092,44181,43,1929
1093,46443,15,853
1094,56294,0,146
1095,44195,749,2043
1096,48963,316,2248
1097,44794,197,1834
1098,54599,25,1182
1099,53921,36,621
1100,50832,57,1569
1101,59276,37,68
1102,49343,2,2905
1103,46997,55,1371
1104,41051,90,1393
1105,52303,12,1500
1106,51228,19,1754
1107,43845,71,1798
1108,42344,10,1034
1109,56194,4,72
1110,51066,228,1594
1111,46551,1195,1349
1112,38265,58,6541
1113,49186,239,2072
1114,54838,0,1545
1115,54862,1,510
1116,50832,6,410
1117,56369,252,407
1118,49905,150,1560
1119,41042,26,1133
1120,44858,481,1620
1121,51019,1473,1504
1122,53561,122,807
1123,53079,75,1051
1124,42557,134,1351
1125,46503,734,1444
1126,43894,199,1588
1127,56043,12,385
1128,49800,52,2707
1129,48172,20,2032
1130,47960,88,484
1131,51039,11,166
1132,50099,18,3545
1133,46835,36,2232
1134,43087,54,1134
1135,54017,20,1385
1136,48459,296,2532
1137,49972,110,1381
1138,43607,129,1401
1139,41248,52,833
1140,57019,5,129
1141,46822,675,2758
1142,50182,118,1967
1143,53658,98,1018
1144,51949,456,454
1145,42877,125,1916
1146,52253,3,2199
1147,39722,864,2271
1148,48926,36,1422
1149,47807,86,1722
1150,50577,111,824
1151,52131,7,1512
1152,51328,8,1535
1153,42785,188,1818
1154,41061,12,1015
1155,57126,4,48
1156,50970,50,2602
1157,46505,32,2155
1158,55582,38,622
1159,53060,33,566
1160,49267,67,226
1161,56480,16,687
1162,49092,486,924
1163,40575,15,1406
1164,54815,40,428
1165,47172,1438,1459
1166,41613,136,1449
1167,49595,795,1903
1168,48225,743,1557
1169,56516,182,499
1170,43365,96,4039
1171,56542,3,681
1172,44132,101,2698
1173,55947,60,822
1174,56379,183,520
1175,20419,7478,1642
1176,59532,4,0
1177,42947,156,2852
1178,45304,28,3603
1179,42365,111,3486
1180,45027,76,2289
1181,47251,95,2984
1182,39917,61,4632
1183,35557,313,2866
1184,59487,9,29
1185,46777,36,1868
1186,40775,544,4871
1187,47300,5,2272
1188,40528,337,3474
1189,49316,187,675
1190,40410,1070,2780
1191,54127,34,868
1192,36562,1414,1913
1193,58528,10,760
1194,56431,94,468
1195,20670,7260,1391
1196,59532,4,0
1197,43104,88,2695
1198,45354,27,3553
1199,42078,123,3773
1200,46966,85,3269
1201,39861,70,4688
1202,59045,56,172
1203,35503,230,2920
1204,59491,9,25
1205,46954,56,1691
1206,40692,527,4954
1207,47381,5,2191
1208,40400,264,3602
1209,49074,198,917
1210,40629,839,2561
1211,36341,1124,2134
1212,58569,8,719
1213,42774,182,1704
1214,56047,87,852
1215,20553,7678,1508
1216,59531,4,1
1217,43295,101,2504
1218,45156,27,3751
1219,42473,133,3378
1220,46909,80,3326
1221,39454,51,5095
1222,35551,300,2872
1223,59488,7,28
1224,41925,60,2362
1225,42206,17,2385
1226,46695,68,1950
1227,40757,519,4889
1228,47544,8,2028
1229,40293,330,3709
1230,49183,176,808
1231,40582,1194,2608
1232,36797,1252,1678
1233,58318,18,970
1234,56343,134,556
1235,20525,7765,1536
1236,55273,19,457
1237,59532,4,0
1238,43118,113,2681
1239,45409,22,3498
1240,42536,138,3315
1241,46516,56,3719
1242,39922,39,4627
1243,35619,316,2804
1244,59478,4,38
1245,46740,74,1905
1246,40726,561,4920
1247,58739,0,282
1248,47366,5,2206
1249,40252,438,3750
1250,48906,181,1085
1251,40801,969,2389
1252,36458,1241,2017
1253,58192,13,1096
1254,56413,176,486
1255,20581,7384,1480
1256,59532,4,0
1257,42933,95,2866
1258,44459,163,1883
1259,45400,28,3507
1260,42178,138,3673
1261,46630,47,3605
1262,40299,38,4250
1263,35530,267,2893
1264,59481,4,35
1265,46797,99,1848
1266,41287,527,4359
1267,47303,5,2269
1268,40336,274,3666
1269,50636,47,735
1270,49035,216,956
1271,40642,1096,2548
1272,36378,1264,2097
1273,58313,6,975
1274,56183,97,716
1275,20488,7303,1573
1276,59532,4,0
1277,42722,131,3077
1278,45445,25,3462
1279,41863,102,3988
1280,58992,103,49
1281,47051,83,3184
1282,39939,61,4610
1283,35564,253,2859
1284,59488,6,28
1285,46902,57,1743
1286,40961,530,4685
1287,47747,3,1825
1288,40378,230,3624
1289,49402,215,589
1290,40662,926,2528
1291,50225,4,1624
1292,36763,1456,1712
1293,58451,4,837
1294,56234,109,665
1295,20704,7641,1357
1296,59532,4,0
1297,42714,58,3085
1298,45611,28,3296
1299,41919,125,3932
1300,46879,100,3356
1301,39653,100,4896
1302,41013,733,2039
1303,35574,293,2849
1304,59486,6,30
1305,46937,52,1708
1306,40755,485,4891
1307,47702,2,1870
1308,40521,259,3481
1309,48924,192,1067
1310,40770,944,2420
1311,36434,1446,2041
1312,58073,11,1215
1313,53332,5,1305
1314,56271,154,628
1315,20668,7358,1393
1316,59532,4,0
1317,42918,116,2881
1318,45256,29,3651
1319,41851,125,4000
1320,46776,46,3459
1321,39990,81,4559
1322,35547,355,2876
1323,59494,9,22
1324,56626,156,569
1325,46608,37,2037
1326,40895,495,4751
1327,47307,7,2265
1328,40760,323,3242
1329,49298,178,693
1330,40018,1134,3172
1331,36720,1251,1755
1332,58262,12,1026
1333,42357,229,1786
1334,55888,40,561
1335,56259,163,1736
1336,58587,0,350
1337,56655,54,476
1338,54902,20,1138
1339,57625,14,401
1340,44426,106,1990
1341,54442,131,774
1342,59180,4,58
1343,47554,26,2863
1344,55512,64,657
1345,44978,143,4538
1346,56549,43,433
1347,46259,26,2672
1348,45991,174,1404
1349,49469,40,4210
1350,46174,137,2121
1351,56007,27,451
1352,58316,2,653
1353,48597,140,1467
1354,32926,579,5688
1355,47674,83,1352
1356,47131,138,1431
1357,46159,230,1147
1358,58809,0,689
1359,48371,36,1189
1360,47288,162,1203
1361,54125,124,804
1362,57941,13,193
1363,43787,61,1470
1364,51908,152,367
1365,57887,29,999
1366,50862,165,560
1367,56425,8,2558
1368,50537,164,957
1369,56820,42,480
1370,50029,5,3789
1371,52425,85,814
1372,55567,7,987
1373,45603,33,5568
1374,54943,2725,312
1375,38960,4914,5952
1376,58574,58,113
1377,57890,26,498
1378,49890,211,1133
1379,58348,5,439
1380,47304,102,1651
1381,51310,26,750
1382,49537,38,839
1383,48609,95,1021
1384,51814,301,422
1385,57417,53,355
1386,42603,201,1769
1387,58132,4,143
1388,42046,149,1214
1389,57996,47,242
1390,41618,158,1772
1391,48472,155,2149
1392,57974,33,153
1393,39621,96,4458
1394,52985,37,1897
1395,59469,3,13
1396,46494,1205,2342
1397,59093,20,43
1398,44022,1910,1463
1399,56846,37,1515
1400,43968,2210,1496
1401,56666,92,468
1402,45996,31,3082
1403,59032,0,266
1404,51187,83,831
1405,49337,153,820
1406,48798,183,1213
1407,50435,145,538
1408,49533,91,1070
1409,47978,105,1170
1410,48645,150,868
1411,50103,91,951
1412,48210,105,1203
1413,50943,4,1136
1414,50826,38,2112
1415,58013,17,154
1416,36681,2889,4806
1417,43693,543,4316
1418,43017,337,1521
1419,56168,43,427
1420,42418,265,1830
1421,55429,19,924
1422,59337,4,63
1423,48699,96,1918
1424,58138,0,257
1425,56823,83,491
1426,59301,16,205
1427,51414,597,1012
1428,49454,69,773
1429,50209,64,999
1430,47050,90,1386
1431,49327,117,1316
1432,44814,46,3343
1433,49946,39,1387
1434,48058,208,809
1435,40832,119,2761
1436,46705,338,1005
1437,48239,845,1827
1438,41999,224,2144
1439,55894,39,555
1440,56685,62,446
1441,55012,26,1028
1442,57597,14,429
1443,44341,117,2075
1444,54539,158,677
1445,59189,16,49
1446,36355,154,4202
1447,49241,91,594
1448,47580,33,2837
1449,55427,60,742
1450,45283,153,4233
1451,56499,40,483
1452,45940,156,1455
1453,49525,46,4154
1454,46403,129,1892
1455,55998,28,460
1456,58320,4,649
1457,48603,107,1461
1458,59262,0,157
1459,32759,528,5855
1460,47686,89,1340
1461,47179,143,1383
1462,45997,188,1309
1463,48418,34,1142
1464,47185,133,1306
1465,53983,157,946
1466,57903,9,231
1467,43814,54,1443
1468,51915,156,360
1469,50409,26,1599
1470,57768,29,1118
1471,50900,164,522
1472,56433,7,2550
1473,50565,167,929
1474,49958,9,3860
1475,52441,90,798
1476,55399,2,1155
1477,45279,22,5892
1478,54971,2750,284
1479,38893,4936,6019
1480,43452,854,1494
1481,58566,43,121
1482,57898,27,490
1483,49909,231,1114
1484,58369,11,418
1485,51312,24,748
1486,49523,36,853
1487,48591,109,1039
1488,51817,281,419
1489,57431,49,341
1490,42647,201,1725
1491,48754,69,1025
1492,58142,2,133
1493,42001,170,1259
1494,57966,45,272
1495,41748,155,1642
1496,57940,31,187
1497,39597,93,4482
1498,52917,60,1965
1499,59459,0,23
1500,46550,1178,2286
1501,52270,16,1257
1502,57208,253,227
1503,41176,90,3852
1504,32497,109,2518
1505,47053,142,1493
1506,43479,241,5149
1507,39942,395,2603
1508,30062,210,2795
1509,54578,13,196
1510,42971,140,6907
1511,46727,513,1338
1512,40532,21,709
1513,58184,183,172
1514,47129,53,818
1515,52916,493,627
1516,40180,85,2697
1517,30188,74,1832
1518,54171,55,619
1519,45574,2405,886
1520,42313,85,1741
1521,37774,71,1737
1522,58584,13,79
1523,48362,5,4549
1524,45960,87,1358
1525,47376,35,2756
1526,39117,457,831
1527,49801,11,335
1528,52118,44,1269
1529,38553,146,6409
1530,29774,574,1918
1531,48144,290,1456
1532,43327,104,5055
1533,41543,78,2696
1534,32263,45,2376
1535,43621,46,2183
1536,53516,14,174
1537,43737,259,4919
1538,46289,103,3741
1539,39003,183,751
1540,47672,16,524
1541,49373,0,2885
1542,44878,320,3487
1543,38182,368,1745
1544,53529,13,891
1545,48899,25,3542
1546,54289,268,854
1547,39070,2031,1608
1548,38734,21,1292
1549,57996,2,212
1550,44579,680,2703
1551,48062,94,1926
1552,38814,185,945
1553,49471,0,629
1554,51551,38,1270
1555,36795,312,3494
1556,31410,251,1873
1557,40708,66,4510
1558,58043,0,1487
1559,49082,36,1668
1560,41191,178,5138
1561,43032,26,4043
1562,31879,78,1784
1563,53516,18,160
1564,45666,24,4214
1565,46029,36,2216
1566,46660,200,958
1567,51860,3,295
1568,50222,1,1140
1569,41574,62,3595
1570,46177,58,2092
1571,39253,130,2033
1572,53038,1,1195
1573,49517,40,2524
1574,39694,83,3488
1575,30265,247,2963
1576,55655,7,172
1577,44664,167,4917
1578,47824,134,2504
1579,39988,62,767
1580,56312,18,368
1581,47613,123,1164
1582,51988,24,1516
1583,39262,644,2397
1584,31763,46,2386
1585,49377,71,1190
1586,41112,486,4465
1587,41248,585,3345
1588,30844,91,1773
1589,53763,2,207
1590,46376,833,2723
1591,57858,17,1177
1592,45894,435,2746
1593,46283,124,1113
1594,52299,20,248
1595,49046,436,2044
1596,43634,70,3452
1597,40111,49,1610
1598,48034,108,1550
1599,42781,1102,1949
1600,41745,56,2285
1601,29923,414,3462
1602,47029,58,1547
1603,54798,0,244
1604,45248,35,5024
1605,45806,209,1684
1606,39919,23,624
1607,47034,6,802
1608,52164,57,1119
1609,38650,78,4757
1610,30206,112,2401
1611,50333,97,577
1612,43337,65,5727
1613,59211,43,133
1614,41645,205,2296
1615,36231,125,1439
1616,57866,2,121
1617,46847,45,6228
1618,48469,93,2144
1619,47506,18,1106
1620,51851,1,455
1621,52311,17,1216
1622,41315,104,3713
1623,32821,116,2194
1624,57478,1,438
1625,46766,114,1780
1626,43514,229,5114
1627,40108,401,2437
1628,30220,240,2637
1629,54550,10,224
1630,43861,151,6017
1631,46648,567,1417
1632,40551,22,690
1633,47154,47,793
1634,52802,526,741
1635,43520,27,2505
1636,40029,89,2848
1637,30089,69,1931
1638,54142,65,648
1639,45590,2899,870
1640,42387,90,1667
1641,37752,76,1759
1642,58575,11,88
1643,48192,6,4719
1644,47247,39,2885
1645,39027,444,921
1646,50434,60,1290
1647,49841,16,295
1648,52129,33,1258
1649,39028,149,5934
1650,29828,490,1864
1651,47677,275,1923
1652,43806,99,4576
1653,41287,92,2952
1654,32290,55,2349
1655,53524,14,166
1656,43300,328,5356
1657,47135,78,1312
1658,46791,61,3239
1659,39103,215,651
1660,47715,16,481
1661,49419,0,2839
1662,45007,363,3358
1663,38341,407,1586
1664,53558,14,862
1665,48657,26,3784
1666,39168,2032,1510
1667,38740,16,1286
1668,55001,142,403
1669,46787,89,948
1670,57994,2,214
1671,44568,703,2714
1672,47937,120,2051
1673,38837,200,922
1674,49510,0,590
1675,51531,33,1290
1676,36939,319,3350
1677,31400,238,1883
1678,49052,33,1698
1679,41407,183,4922
1680,55631,551,486
1681,42782,22,4293
1682,31795,75,1868
1683,53559,26,117
1684,45599,24,4281
1685,45932,28,2313
1686,46591,244,1027
1687,51899,4,256
1688,50124,0,1238
1689,46249,60,2020
1690,39282,119,2004
1691,58856,31,192
1692,53017,0,1216
1693,49390,30,2651
1694,42917,365,1632
1695,47050,149,1345
1696,45743,203,1075
1697,48969,67,1104
1698,47726,187,983
1699,54712,156,805
1700,58021,26,159
1701,43131,107,1310
1702,43709,596,1120
1703,51489,467,338
1704,57906,11,901
1705,50924,204,486
1706,56214,6,2791
1707,50911,213,936
1708,49335,19,5034
1709,52519,109,866
1710,55022,21,1600
1711,45457,39,5586
1712,54654,2813,323
1713,41492,255,1570
1714,39571,4745,5744
1715,58753,4,428
1716,43103,2204,1500
1717,56492,52,2011
1718,44111,1789,1501
1719,56778,59,484
1720,59117,0,243
1721,51128,119,753
1722,48589,186,855
1723,48680,346,1203
1724,54266,38,1524
1725,50525,194,476
1726,49268,145,823
1727,48232,127,1233
1728,48445,216,752
1729,50197,109,917
1730,48125,228,1046
1731,51259,41,1983
1732,57914,20,122
1733,37044,2834,4682
1734,43134,562,4579
1735,58712,0,357
1736,55838,62,489
1737,56712,60,478
1738,54403,49,1303
1739,57380,45,398
1740,43802,133,1745
1741,54876,266,629
1742,59392,26,29
1743,47185,42,2731
1744,55625,77,631
1745,45553,162,4047
1746,43443,69,1779
1747,56861,71,414
1748,45191,148,1410
1749,49539,77,4013
1750,46236,191,1885
1751,55964,9,479
1752,58194,6,879
1753,48772,133,1274
1754,32432,602,5528
1755,48241,102,1364
1756,58125,32,355
1757,52276,55,1644
1758,49474,300,1185
1759,58650,2,372
1760,51764,50,577
1761,49831,82,791
1762,48578,144,1123
1763,51412,436,388
1764,57213,56,455
1765,42804,187,1620
1766,57966,2,149
1767,41599,188,1110
1768,59299,0,84
1769,58356,54,134
1770,41533,170,1593
1771,57997,40,104
1772,37758,125,5044
1773,53419,53,1772
1774,59451,10,2
1775,46168,1522,2026
1776,42014,628,1489
1777,56147,64,491
1778,42622,307,1744
1779,41802,434,3160
1780,48331,12,3832
1781,55259,47,900
1782,59389,16,44
1783,47610,105,1973
1784,57066,125,456
1785,59206,6,235
1786,51104,469,895
1787,49034,87,687
1788,49816,105,827
1789,47352,119,1232
1790,49496,156,1362
1791,42529,435,2118
1792,44979,46,3143
1793,49383,62,1362
1794,48368,143,815
1795,46493,464,995
1796,47736,1001,1806
1797,42651,286,1898
1798,47025,138,1370
1799,45663,111,1155
1800,48884,55,1189
1801,47781,150,928
1802,55943,17,479
1803,54818,194,699
1804,58047,35,133
1805,43105,104,1336
1806,51473,498,354
1807,57928,18,879
1808,50924,191,486
1809,56311,13,2694
1810,50702,195,1145
1811,49324,21,5045
1812,52527,112,858
1813,56694,111,423
1814,55022,36,1600
1815,45724,43,5319
1816,54679,2851,298
1817,39467,4685,5848
1818,58762,10,419
1819,43173,2109,1430
1820,56575,60,1928
1821,44085,1146,1527
1822,56812,58,450
1823,59157,0,203
1824,42537,216,2172
1825,51179,127,702
1826,48663,164,781
1827,48740,354,1143
1828,50532,196,469
1829,49184,119,907
1830,48158,126,1307
1831,48443,247,754
1832,50194,108,920
1833,48105,174,1066
1834,51222,45,2020
1835,55856,24,649
1836,57911,13,125
1837,36836,2724,4890
1838,43223,461,4490
1839,55809,58,518
1840,56705,63,485
1841,54730,36,976
1842,57264,40,514
1843,43683,141,1864
1844,54814,242,691
1845,59392,25,29
1846,59105,4,228
1847,47676,40,2240
1848,55612,80,644
1849,46004,140,3596
1850,56855,46,420
1851,45125,161,1476
1852,49626,85,3926
1853,46443,188,1678
1854,55993,25,450
1855,58222,7,851
1856,48779,145,1267
1857,45455,424,1420
1858,32286,675,5674
1859,46459,62,3049
1860,51422,28,1092
1861,58322,0,171
1862,40690,172,2514
1863,49007,138,547
1864,59206,0,235
1865,50136,12,1647
1866,43848,800,1439
1867,48929,121,863
1868,59035,0,139
1869,57197,308,190
1870,58379,237,84
1871,45368,153,1537
1872,43254,64,1998
1873,53694,316,1177
1874,57376,0,2077
1875,42185,103,3341
1876,56436,23,312
1877,58075,73,1080
1878,46429,110,1506
1879,42913,127,1122
1880,59362,30,57
1881,57850,0,402
1882,42539,35,2509
1883,49879,69,1336
1884,47127,116,1201
1885,46213,145,866
1886,55572,846,309
1887,59012,49,89
1888,42673,546,1206
1889,41224,411,1577
1890,50427,307,1485
1891,44526,40,2596
1892,54150,58,1276
1893,58225,0,525
1894,42549,136,1990
1895,52130,64,1267
1896,59213,0,80
1897,47057,34,4444
1898,41688,248,2180
1899,55879,19,419
1900,56549,175,394
1901,41754,282,2030
1902,53982,407,1267
1903,56017,55,501
1904,59257,6,121
1905,46295,584,1206
1906,58810,1,84
1907,42981,263,975
1908,43571,69,2451
1909,54089,170,1070
1910,59091,0,278
1911,42725,268,2097
1912,49760,108,654
1913,59139,3,247
1914,58844,114,82
1915,48828,7,2020
1916,42607,507,1657
1917,50601,478,1377
1918,57894,238,108
1919,58424,0,310
1920,45984,172,1576
1921,44136,148,1605
1922,50553,168,1772
1923,43250,447,1482
1924,42981,270,2127
1925,55649,34,808
1926,55907,335,615
1927,43431,523,1576
1928,56473,40,287
1929,39155,339,1857
1930,50872,64,671
1931,59430,0,23
1932,50551,14,1718
1933,45632,328,1729
1934,47736,117,1064
1935,49218,85,676
1936,56199,360,291
1937,58940,175,70
1938,45209,221,1609
1939,42396,210,2639
1940,54802,80,551
1941,59308,0,133
1942,42378,171,2056
1943,53483,3,1344
1944,59308,37,58
1945,55006,0,1421
1946,58875,85,137
1947,46641,812,1275
1948,48030,362,2594
1949,39602,727,2470
1950,55640,49,453
1951,56652,168,386
1952,44843,103,2344
1953,54743,87,725
1954,59004,16,261
1955,42829,245,1416
1956,42303,48,2234
1957,49876,4,1623
1958,55365,6,368
1959,58663,0,218
1960,43967,245,1740
1961,50684,97,640
1962,59029,49,60
1963,50089,17,1408
1964,41054,1384,1791
1965,53231,8,1365
1966,56321,266,502
1967,58779,2,334
1968,42160,932,1669
1969,46115,60,2638
1970,58783,28,725
1971,56909,41,512
1972,47509,114,1407
1973,48221,173,2106
1974,46422,48,3086
1975,51481,27,1033
1976,58351,1,142
1977,40718,196,2486
1978,48973,96,581
1979,51184,543,1610
1980,59218,0,223
1981,50178,24,1605
1982,43841,790,1446
1983,48883,71,909
1984,57199,317,188
1985,58383,301,80
1986,45282,224,1623
1987,43161,63,2091
1988,53851,314,1020
1989,57441,0,2012
1990,57553,174,251
1991,42196,112,3330
1992,56446,18,302
1993,58089,63,1066
1994,46443,97,1492
1995,59358,29,61
1996,57914,1,338
1997,42640,58,2408
1998,49821,64,1394
1999,47131,97,1197
2000,46193,134,886
2001,37132,29,3990
2002,58195,3,337
2003,55380,349,501
2004,58999,62,102
2005,42679,380,1200
2006,41478,320,1323
2007,54111,59,1315
2008,58427,0,323
2009,42661,165,1878
2010,52046,55,1351
2011,59228,0,65
2012,47221,31,4280
2013,45666,158,1537
2014,41714,377,2154
2015,55849,21,449
2016,56542,184,401
2017,41722,311,2062
2018,55905,38,613
2019,59248,8,130
2020,46352,539,1149
2021,58798,1,96
2022,43013,259,943
2023,43714,81,2308
2024,44710,88,1792
2025,53968,331,1191
2026,59092,0,277
2027,42773,244,2049
2028,49828,109,586
2029,58781,89,145
2030,49163,11,1685
2031,42540,834,1724
2032,50542,470,1436
2033,57851,233,151
2034,58446,5,288
2035,51135,103,1799
2036,45983,177,1577
2037,44089,144,1652
2038,50531,178,1794
2039,43194,463,1538
2040,55510,27,947
2041,55921,378,601
2042,43491,500,1516
2043,56444,35,316
2044,41169,239,2868
2045,56569,45,642
2046,42636,297,1627
2047,38182,27,7043
2048,24214,43,4091
2049,39591,94,2976
2050,55807,1,2735
2051,34768,449,5513
2052,40208,16,4281
2053,59534,2,0
2054,40845,78,4290
2055,53948,48,731
2056,40973,747,3332
2057,55421,22,1096
2058,50224,347,1748
2059,36365,38,4668
2060,41426,24,3021
2061,29316,268,4697
2062,38977,15,4193
2063,57779,8,1039
2064,35846,32,9535
2065,38286,245,3050
2066,25255,110,2644
2067,59138,45,17
2068,56303,330,650
2069,49137,18,2948
2070,41442,808,2279
2071,49149,93,2733
2072,41489,325,2283
2073,55849,241,1728
2074,54822,31,911
2075,43424,398,2998
2076,49624,207,1165
2077,37081,338,3376
2078,37358,414,5865
2079,42582,317,1826
2080,24342,40,3694
2081,58927,18,285
2082,49583,22,1898
2083,34218,282,6618
2084,41059,363,3300
2085,55617,76,398
2086,38550,1057,2358
2087,54871,13,1212
2088,42549,655,3442
2089,29588,253,3641
2090,56307,41,396
2091,40656,88,3705
2092,57121,135,746
2093,54926,224,369
2094,42685,587,2699
2095,49804,73,1762
2096,36025,215,4381
2097,41399,28,2361
2098,56088,33,1186
2099,59309,3,64
2100,48916,171,2732
2101,55929,419,1259
2102,40534,73,3308
2103,56190,43,1786
2104,35375,287,5043
2105,56665,152,741
2106,35406,369,2190
2107,41424,71,2145
2108,29801,114,4263
2109,40288,95,3673
2110,56880,65,1022
2111,53850,91,902
2112,41889,15,2648
2113,54719,12,656
2114,59063,8,131
2115,48623,78,2371
2116,38552,70,3367
2117,42548,267,1157
2118,56212,39,618
2119,38111,892,2078
2120,25800,24,5778
2121,59308,5,60
2122,27454,408,4718
2123,59002,2,301
2124,35854,683,1279
2125,49365,114,1918
2126,35266,541,5616
2127,41548,78,2464
2128,28630,133,4807
2129,41546,91,2936
2130,41314,121,2723
2131,56513,40,698
2132,38018,41,7207
2133,24525,57,3780
2134,39659,100,2908
2135,54793,0,2476
2136,56402,3,2140
2137,34561,373,5720
2138,39952,13,4537
2139,59534,2,0
2140,40817,68,4318
2141,53858,95,821
2142,41004,619,3301
2143,49906,322,2066
2144,36136,29,4897
2145,41532,23,2915
2146,34714,308,1188
2147,29362,308,4651
2148,38865,16,4305
2149,58184,28,634
2150,35476,30,9905
2151,37649,195,3687
2152,25529,311,2370
2153,59121,11,34
2154,48687,8,3398
2155,41155,795,2566
2156,48935,30,2947
2157,34320,3049,1170
2158,41503,334,2269
2159,55551,187,2026
2160,54512,51,1221
2161,43658,371,2764
2162,49324,204,1465
2163,37617,351,2840
2164,37168,472,6055
2165,24141,33,3895
2166,58917,18,295
2167,49986,30,1495
2168,40898,438,2682
2169,34382,288,6454
2170,40735,369,3624
2171,55625,77,390
2172,38607,1120,2301
2173,54890,9,1193
2174,42637,665,3354
2175,29453,162,3776
2176,40504,76,3857
2177,57577,191,290
2178,54970,366,325
2179,47600,144,2706
2180,42589,535,2795
2181,49992,74,1574
2182,55330,30,1034
2183,39162,159,3121
2184,35548,77,1625
2185,47512,264,1389
2186,39958,280,2682
2187,38379,207,2864
2188,31533,67,2852
2189,56046,5,140
2190,44169,119,2323
2191,46611,72,1924
2192,46709,98,1948
2193,42163,642,309
2194,49596,3,309
2195,52696,45,1566
2196,42388,36,2818
2197,34531,55,1365
2198,48436,525,680
2199,43142,91,4155
2200,40152,9,2693
2201,47707,203,1854
2202,30858,124,2143
2203,55121,8,185
2204,45240,76,2828
2205,48146,15,1938
2206,41048,81,601
2207,50237,1,430
2208,54076,99,1402
2209,37923,158,4355
2210,35344,60,2104
2211,47873,282,1083
2212,31371,445,4166
2213,40211,271,2623
2214,38421,102,2716
2215,30127,237,3375
2216,55989,3,153
2217,46906,89,1772
2218,46762,54,2620
2219,41801,51,894
2220,49492,44,337
2221,53064,18,1210
2222,41650,18,3213
2223,25340,46,2553
2224,29918,402,3694
2225,56616,117,991
2226,35086,13,1247
2227,48993,36,846
2228,41326,111,7760
2229,41407,70,2514
2230,31158,154,2010
2231,55466,0,182
2232,46074,49,2996
2233,46512,40,1690
2234,41050,75,745
2235,50218,25,412
2236,59462,0,54
2237,54751,1,1114
2238,37849,114,4103
2239,34492,69,1442
2240,48187,98,1287
2241,41957,271,2085
2242,38038,61,1733
2243,31251,83,2450
2244,55889,1,140
2245,47149,375,1872
2246,48243,312,1524
2247,45948,489,3113
2248,42699,93,600
2249,49193,3,383
2250,52182,23,2158
2251,41892,31,3183
2252,33830,71,1412
2253,49245,64,1363
2254,42502,132,4490
2255,36617,380,2958
2256,28314,44,3211
2257,56466,0,227
2258,59362,3,35
2259,46716,229,1495
2260,44877,52,2390
2261,42761,70,549
2262,49667,19,423
2263,54090,13,997
2264,37842,86,5275
2265,33374,329,1850
2266,47824,216,1938
2267,42667,20,3983
2268,38096,41,1698
2269,47796,7,2368
2270,31440,43,2201
2271,55675,8,160
2272,46771,109,1809
2273,48673,49,1303
2274,41863,71,407
2275,48975,6,340
2276,52425,119,1103
2277,42289,13,3557
2278,33360,94,1449
2279,47458,231,1565
2280,59308,1,72
2281,39967,113,3692
2282,37057,32,4519
2283,30307,13,4404
2284,56451,1,198
2285,46139,204,2073
2286,45403,143,1713
2287,42772,109,486
2288,49615,4,429
2289,53054,9,1218
2290,40360,30,4127
2291,40349,1509,2320
2292,33461,44,1763
2293,48617,76,1798
2294,43402,144,3564
2295,38694,48,2060
2296,30511,21,2457
2297,55400,1,158
2298,44682,51,6076
2299,48117,124,1878
2300,39871,123,650
2301,49640,5,372
2302,28568,1838,3200
2303,55173,35,1191
2304,39425,196,2858
2305,35556,73,1617
2306,47525,257,1376
2307,39826,289,2814
2308,38522,206,2721
2309,31487,52,2898
2310,56026,0,160
2311,46682,87,1853
2312,46366,88,2291
2313,59516,4,2
2314,42171,623,301
2315,49583,3,322
2316,52948,54,1314
2317,42543,45,2663
2318,34409,50,1487
2319,48391,291,725
2320,43433,98,3864
2321,40718,7,2127
2322,30612,124,2389
2323,55112,1,194
2324,33354,2950,2205
2325,45541,152,2527
2326,48201,17,1883
2327,41065,77,584
2328,50241,2,426
2329,54063,101,1415
2330,38352,180,3926
2331,35249,36,2199
2332,47815,134,1141
2333,40467,260,2367
2334,38505,175,2632
2335,39524,18,3403
2336,37734,2450,1962
2337,30386,246,3116
2338,55991,2,151
2339,47049,95,1629
2340,46887,63,2495
2341,42000,70,695
2342,49518,52,311
2343,53080,21,1194
2344,41557,34,3306
2345,34975,17,1358
2346,48627,22,1212
2347,46939,625,1630
2348,41486,109,7600
2349,41470,67,2451
2350,31161,172,2007
2351,55470,0,178
2352,46084,27,2986
2353,46514,30,1688
2354,41084,78,711
2355,50215,15,415
2356,54733,1,1132
2357,38088,120,3864
2358,31135,703,5901
2359,34337,64,1597
2360,48091,54,1383
2361,42082,291,1960
2362,38070,59,1701
2363,31287,77,2414
2364,55923,0,106
2365,47271,360,1750
2366,48177,322,1590
2367,42720,83,579
2368,49242,5,334
2369,55820,222,1165
2370,52360,21,1980
2371,41651,23,3424
2372,33841,77,1401
2373,49272,73,1336
2374,42857,155,4135
2375,31282,199,6498
2376,56102,180,909
2377,59324,19,84
2378,43103,2123,481
2379,53544,190,364
2380,35807,372,9459
2381,57836,8,976
2382,53547,2,456
2383,34198,200,7121
2384,52829,30,3584
2385,43272,1257,3592
2386,48982,227,2163
2387,37837,2457,1736
2388,44797,709,2809
2389,31337,889,5655
2390,56627,390,439
2391,59255,7,44
2392,37255,51,8164
2393,42858,1306,2138
2394,59374,0,121
2395,44251,808,1433
2396,53520,242,235
2397,31823,3210,945
2398,35396,251,2428
2399,59467,0,31
2400,33708,1349,1706
2401,59149,31,304
2402,36412,134,3300
2403,38408,523,2817
2404,39934,1868,1191
2405,55070,326,1740
2406,31327,1120,4353
2407,54971,592,1815
2408,59204,12,20
2409,43479,14,1777
2410,54739,30,963
2411,30076,3996,835
2412,53560,1,4206
2413,32642,1817,1153
2414,26064,223,1847
2415,35239,229,2199
2416,44641,215,1487
2417,46289,60,3590
2418,43658,484,1194
2419,46049,421,1783
2420,43678,17,2304
2421,48081,50,1774
2422,33289,99,6837
2423,42692,1241,676
2424,58845,37,60
2425,59208,1,59
2426,42273,1082,1042
2427,54652,7,909
2428,33465,890,967
2429,36564,508,2061
2430,59508,0,19
2431,36256,169,2786
2432,43582,188,2084
2433,47135,113,1645
2434,30583,41,7849
2435,56874,16,950
2436,49244,16,3023
2437,28832,586,1924
2438,57440,11,614
2439,31359,51,7928
2440,55684,304,1504
2441,54802,18,573
2442,35753,580,1380
2443,54785,0,2484
2444,34828,350,1074
2445,34208,2841,1282
2446,40801,384,2779
2447,42011,641,2097
2448,47532,234,2774
2449,44127,60,2365
2450,47643,175,1918
2451,30774,402,4763
2452,56619,119,988
2453,59460,0,56
2454,46119,553,2942
2455,59367,3,30
2456,47972,9,2192
2457,59310,1,70
2458,56978,265,450
2459,40330,1429,2339
2460,28703,1920,3065
2461,59516,4,2
2462,33425,2846,2134
2463,37549,2310,2147
2464,46876,461,1693
2465,31135,703,5901
2466,55532,191,1453
2467,30827,163,6953
2468,55475,147,1536
2469,40769,72,2280
2470,36956,518,1511
2471,59327,18,81
2472,43142,2178,442
2473,53530,162,378
2474,35997,401,9269
2475,53558,3,445
2476,34207,375,7112
2477,52886,34,3527
2478,43300,1314,3564
2479,49077,175,2068
2480,37912,2390,1661
2481,42203,87,1508
2482,44848,792,2758
2483,31262,952,5730
2484,56390,238,676
2485,59249,6,50
2486,42784,1364,2212
2487,59373,0,122
2488,44125,436,1559
2489,53469,181,286
2490,31806,2354,962
2491,35583,311,2241
2492,29912,166,3496
2493,59461,0,37
2494,33719,2112,1695
2495,59149,27,304
2496,36553,150,3159
2497,50004,672,535
2498,47814,1080,1865
2499,59360,9,16
2500,40111,883,820
2501,55866,638,112
2502,57606,44,963
2503,41658,70,2609
2504,41439,1447,1304
2505,50411,809,749
2506,41878,108,3736
2507,31397,170,2814
2508,29330,227,1903
2509,56035,2,198
2510,44252,188,1324
2511,45622,184,1363
2512,38121,157,718
2513,50365,22,282
2514,56949,92,889
2515,55604,14,1201
2516,39915,83,2804
2517,38395,1109,700
2518,47918,146,890
2519,40694,280,2310
2520,40984,238,2263
2521,59154,20,159
2522,50943,70,1132
2523,48861,1839,689
2524,59529,3,0
2525,54698,186,336
2526,40084,502,1898
2527,56147,157,422
2528,43671,117,3896
2529,40566,167,3316
2530,39260,148,1237
2531,49444,33,375
2532,54061,1,1877
2533,40653,279,2195
2534,38929,516,862
2535,49418,268,947
2536,59168,6,101
2537,39848,132,3873
2538,35110,621,1997
2539,27971,1419,1984
2540,56260,0,128
2541,45117,229,2324
2542,44897,1080,1443
2543,56588,80,1953
2544,52870,463,661
2545,40646,765,2069
2546,59392,17,31
2547,49693,60,1997
2548,50461,214,726
2549,49876,488,1243
2550,54543,14,1370
2551,37716,127,3362
2552,37533,116,1086
2553,49842,370,480
2554,40377,707,2303
2555,33103,65,2512
2556,29645,512,1706
2557,56748,0,158
2558,39967,41,2784
2559,44183,231,3174
2560,45918,35,1519
2561,39148,96,877
2562,50083,8,246
2563,55676,6,1119
2564,41441,502,1693
2565,37172,487,1107
2566,57587,91,170
2567,39070,2370,1208
2568,54961,701,848
2569,42520,124,1400
2570,53437,362,1427
2571,40223,889,2991
2572,59414,51,1
2573,31619,38,2935
2574,28316,144,2267
2575,56152,1,131
2576,42699,541,1842
2577,41371,375,2196
2578,37425,294,674
2579,50344,8,362
2580,55863,1,2800
2581,56239,23,545
2582,54783,16,1803
2583,41124,184,2319
2584,39415,557,854
2585,48548,166,1586
2586,38939,251,5360
2587,35326,665,2168
2588,29148,1856,2112
2589,55717,4,174
2590,38271,1268,834
2591,55428,490,570
2592,37727,1081,2038
2593,57347,235,319
2594,40835,1383,765
2595,55924,298,1398
2596,53507,583,1034
2597,41067,83,442
2598,49720,6,338
2599,53781,39,1343
2600,39066,234,2084
2601,36896,256,1621
2602,49713,74,929
2603,27358,48,4296
2604,41012,272,2048
2605,33401,21,2822
2606,27600,1110,1582
2607,56570,0,103
2608,43795,234,4399
2609,44560,268,2046
2610,41173,34,579
2611,49527,8,316
2612,50068,740,471
2613,47781,838,1898
2614,59304,4,84
2615,59370,13,6
2616,40107,914,824
2617,55829,495,149
2618,57729,105,840
2619,41505,1472,1238
2620,50434,768,726
2621,41882,126,3732
2622,31381,212,2830
2623,29154,189,2079
2624,56033,2,200
2625,50333,183,1584
2626,44211,169,1365
2627,45430,201,1555
2628,38189,158,650
2629,50365,26,282
2630,55589,15,1216
2631,40210,121,2509
2632,38382,1157,713
2633,47861,158,947
2634,40490,329,2514
2635,40654,221,2593
2636,41353,366,2216
2637,59178,26,135
2638,50899,63,1176
2639,48775,1424,775
2640,59529,3,0
2641,40065,490,1917
2642,56118,129,451
2643,43685,109,3882
2644,40633,154,3249
2645,39299,215,1198
2646,49464,31,355
2647,57303,504,300
2648,53845,0,2093
2649,40589,267,2259
2650,38937,496,854
2651,49401,261,964
2652,39413,172,4308
2653,35236,604,1871
2654,27968,1420,1987
2655,56269,1,119
2656,45190,288,2251
2657,44925,1182,1415
2658,54977,44,844
2659,56678,71,1863
2660,52792,407,739
2661,40355,737,2360
2662,59380,13,43
2663,50382,335,805
2664,50040,580,1079
2665,54486,13,1427
2666,37714,144,3364
2667,37352,74,1267
2668,49827,341,495
2669,43917,593,2432
2670,40356,700,2324
2671,33090,62,2525
2672,29662,521,1689
2673,56758,0,148
2674,44103,187,3254
2675,45923,43,1514
2676,39125,98,900
2677,50102,6,227
2678,55598,5,1197
2679,41507,523,1627
2680,50375,194,1252
2681,37061,426,1218
2682,56293,43,1268
2683,21667,7596,1288
2684,56325,2,1245
2685,30008,457,5772
2686,57304,127,759
2687,29689,162,7905
2688,37341,36,4958
2689,53157,28,2107
2690,59329,5,62
2691,36120,940,4817
2692,37791,327,2887
2693,51490,3,2655
2694,36030,867,3107
2695,59467,3,10
2696,38238,445,2257
2697,59495,3,12
2698,36630,2614,1944
2699,58779,0,755
2700,36866,1921,1658
2701,59036,7,360
2702,45525,3404,744
2703,37894,459,5682
2704,59400,10,30
2705,46576,72,2459
2706,59467,5,20
2707,46474,219,1926
2708,53288,10,2589
2709,59303,15,104
2710,35862,162,2703
2711,58815,1,525
2712,35428,821,2676
2713,59478,4,31
2714,25132,51,3179
2715,51231,409,1741
2716,59409,3,83
2717,51947,149,632
2718,59199,59,118
2719,52468,89,1870
2720,59207,44,59
2721,53976,10,2228
2722,34194,1164,1344
2723,52927,26,2333
2724,33871,1308,1416
2725,59174,22,36
2726,52528,0,554
2727,36111,499,3065
2728,33887,191,3403
2729,59114,13,74
2730,52549,1,1735
2731,36259,447,2497
2732,52695,256,1031
2733,58371,6,520
2734,33964,3101,1526
2735,58355,10,259
2736,49569,33,1869
2737,36781,167,2780
2738,58395,55,91
2739,37552,354,1968
2740,58648,4,360
2741,37551,1032,1800
2742,59144,7,148
2743,35352,287,2833
2744,59027,0,140
2745,34298,37,4089
2746,59465,8,17
2747,35770,446,5877
2748,46245,147,2289
2749,36811,25,2323
2750,47097,16,1566
2751,41272,1019,2550
2752,59531,5,0
2753,33822,2097,2593
2754,53471,9,1510
2755,36683,17,2124
2756,53139,51,1204
2757,35150,157,1970
2758,40898,384,3074
2759,52948,851,447
2760,34398,537,2795
2761,53471,270,624
2762,44122,161,2264
2763,42523,3538,1156
2764,44430,146,1783
2765,46360,11,3024
2766,43667,149,1860
2767,47498,22,2982
2768,42024,67,3042
2769,55398,114,321
2770,35773,376,2260
2771,59531,5,0
2772,47464,208,1182
2773,42118,612,4028
2774,48347,5,1072
2775,42323,430,2742
2776,49652,158,549
2777,41039,1632,1487
2778,49127,398,738
2779,43545,358,2462
2780,38719,983,1627
2781,56653,46,908
2782,21714,7606,1241
2783,56285,0,1285
2784,29862,348,5918
2785,57239,130,824
2786,29708,98,7886
2787,37258,45,5041
2788,53547,79,1717
2789,59321,4,70
2790,51496,8,2649
2791,28009,320,4222
2792,35793,752,3344
2793,59461,2,16
2794,38273,327,2222
2795,59501,5,6
2796,36360,2360,2214
2797,58715,0,819
2798,37140,1567,1384
2799,59217,5,179
2800,45503,2693,766
2801,59406,14,24
2802,40834,20,4044
2803,59381,1,63
2804,46490,64,2545
2805,59468,5,19
2806,46580,259,1820
2807,53404,8,2473
2808,59322,19,85
2809,35635,139,2930
2810,58827,1,513
2811,35492,879,2612
2812,59483,4,26
2813,51230,396,1742
2814,51165,476,872
2815,59446,1,46
2816,52008,119,571
2817,59256,67,61
2818,52386,77,1952
2819,59224,56,42
2820,53807,6,2397
2821,34214,1045,1324
2822,52894,28,2366
2823,33818,1339,1469
2824,52531,0,551
2825,37190,446,3391
2826,35997,544,3179
2827,34539,182,2751
2828,59128,13,60
2829,53029,1,1255
2830,36185,437,2571
2831,52949,254,777
2832,58383,5,508
2833,34073,3155,1417
2834,58297,8,317
2835,36957,122,2604
2836,42475,69,1426
2837,58398,62,88
2838,37757,439,1763
2839,58625,5,383
2840,37514,1032,1837
2841,49655,3,2677
2842,47458,66,1334
2843,39615,113,1625
2844,53250,27,998
2845,50810,59,1761
2846,42692,102,2329
2847,29742,130,3749
2848,42639,27,1081
2849,56270,21,93
2850,51587,138,1465
2851,45914,1584,1352
2852,54742,13,655
2853,50688,4,527
2854,56669,316,317
2855,49470,118,2064
2856,41172,74,894
2857,44508,576,1666
2858,42003,57,2841
2859,50883,1663,1577
2860,53654,180,613
2861,52533,118,1366
2862,42447,226,1299
2863,44350,176,1566
2864,55833,10,341
2865,49491,60,3122
2866,48445,58,1967
2867,48003,98,675
2868,51150,6,154
2869,41115,257,2746
2870,49694,25,3679
2871,46711,83,2262
2872,43570,87,1169
2873,54249,29,1225
2874,49980,109,1506
2875,42912,108,1615
2876,41862,47,803
2877,57085,4,171
2878,45146,471,4328
2879,49754,125,2185
2880,56791,7,723
2881,53530,131,1035
2882,51794,553,414
2883,42284,172,1940
2884,52475,8,1999
2885,47917,50,1866
2886,47789,85,1826
2887,50844,159,783
2888,52658,6,1443
2889,51271,18,1743
2890,42136,147,2388
2891,37994,28,6812
2892,41520,17,940
2893,57123,6,54
2894,51102,45,2627
2895,46960,27,2056
2896,53467,113,587
2897,49112,99,240
2898,56504,23,786
2899,49155,383,1270
2900,41296,40,1198
2901,54516,65,388
2902,25386,68,2507
2903,46124,1254,2606
2904,41444,144,1416
2905,50039,820,1736
2906,48022,730,1514
2907,43088,137,3913
2908,56599,6,616
2909,43865,144,2981
2910,56253,71,749
2911,47687,48,1036
2912,51598,3,337
2913,55263,45,1019
2914,40695,93,2354
2915,49418,4,2045
2916,46576,103,1769
2917,42607,56,1335
2918,52570,26,1736
2919,51107,7,1720
2920,45646,42,1663
2921,43962,27,1500
2922,55639,11,97
2923,49020,834,1456
2924,49734,71,1635
2925,56700,4,1963
2926,52735,71,864
2927,50048,6,344
2928,48734,282,1495
2929,41288,303,3453
2930,55454,63,1280
2931,45210,102,1469
2932,49630,337,2001
2933,46171,22,6428
2934,52247,85,2388
2935,41299,73,2446
2936,35826,1047,5111
2937,39255,31,1196
2938,57792,3,107
2939,49512,115,3942
2940,47432,141,1128
2941,49364,36,758
2942,49952,25,330
2943,53841,40,1087
2944,48111,192,1777
2945,44318,123,1300
2946,54921,16,1131
2947,40727,23,4151
2948,51932,60,1099
2949,43969,27,2300
2950,46263,35,760
2951,56285,2,116
2952,43858,1038,2052
2953,48832,371,2154
2954,43923,281,1741
2955,54304,57,1490
2956,53649,62,707
2957,50833,43,1405
2958,55196,34,1086
2959,49718,4,2614
2960,47531,56,1261
2961,39747,134,1493
2962,53236,22,1012
2963,50672,68,1899
2964,42738,99,2283
2965,42674,21,1046
2966,56271,21,92
2967,51647,254,1405
2968,45901,1580,1365
2969,41200,759,3989
2970,54766,17,631
2971,50678,2,537
2972,56701,315,285
2973,49597,149,1937
2974,41105,62,961
2975,44632,565,1542
2976,50887,1604,1573
2977,53637,164,630
2978,52684,102,1215
2979,42409,158,1337
2980,29460,266,3529
2981,44253,144,1663
2982,55837,9,337
2983,49716,58,2897
2984,48159,40,2253
2985,48113,118,565
2986,51153,7,151
2987,49900,36,3473
2988,46767,81,2206
2989,43675,93,1064
2990,54260,22,1214
2991,41481,160,2565
2992,49934,121,1552
2993,43052,131,1475
2994,41874,58,791
2995,57093,4,163
2996,45570,542,3904
2997,49806,128,2133
2998,53522,114,1043
2999,51751,599,457
3000,42220,173,2004
3001,52460,7,2014
3002,57617,141,387
3003,47778,42,2005
3004,47904,95,1711
3005,50817,181,810
3006,52647,8,1454
3007,50951,8,2063
3008,42127,126,2397
3009,41524,22,936
3010,57141,12,36
3011,51264,57,2465
3012,47004,41,2012
3013,54768,277,445
3014,53455,114,599
3015,49144,77,208
3016,56443,19,847
3017,48936,551,1489
3018,41282,36,1212
3019,54506,62,398
3020,46007,1022,2723
3021,41480,176,1380
3022,49885,1026,1890
3023,47963,681,1573
3024,41376,792,3813
3025,43598,527,2202
3026,43034,137,3967
3027,56662,6,553
3028,43796,125,3050
3029,56235,62,767
3030,55693,316,1508
3031,54696,17,505
3032,35359,839,1511
3033,54035,0,3021
3034,33740,495,1199
3035,33674,2025,1487
3036,50282,65,1681
3037,39970,286,3493
3038,47355,111,3041
3039,30046,168,6931
3040,55206,148,1883
3041,59366,25,46
3042,43068,1709,813
3043,53507,214,564
3044,35300,397,9845
3045,53082,5,738
3046,34494,122,7106
3047,36158,354,3793
3048,52757,35,3853
3049,41232,776,5722
3050,49450,220,2070
3051,36826,2203,2483
3052,44773,624,2695
3053,30199,730,6410
3054,56095,64,1077
3055,59170,16,137
3056,42885,795,2648
3057,53960,1,4004
3058,41615,15,2639
3059,33183,973,1333
3060,34107,182,3046
3061,44018,203,2287
3062,46662,92,3913
3063,41963,376,2699
3064,45506,151,2266
3065,43202,24,2709
3066,47718,35,2872
3067,33414,190,6587
3068,42150,933,778
3069,56423,32,825
3070,58725,28,27
3071,42413,977,1075
3072,54602,76,705
3073,34122,838,919
3074,35254,279,3383
3075,43556,40,2623
3076,47285,184,1820
3077,29395,356,5009
3078,56257,94,1499
3079,59512,0,16
3080,59210,13,53
3081,45114,563,3237
3082,59375,7,21
3083,47073,3,3487
3084,59327,2,106
3085,40248,1236,2750
3086,27340,1397,4323
3087,59525,8,0
3088,32802,3228,2466
3089,37087,2104,2329
3090,46733,421,2160
3091,48696,157,2562
3092,30159,324,7822
3093,56080,180,783
3094,59278,0,145
3095,44172,574,1587
3096,53342,131,418
3097,31397,2214,1257
3098,34576,391,2825
3099,59363,0,111
3100,33005,1585,2459
3101,59177,21,271
3102,41862,54,2425
3103,35308,140,3873
3104,38815,1781,1437
3105,54679,219,2039
3106,29621,938,5643
3107,54287,204,2578
3108,58870,17,218
3109,42564,2,2348
3110,54162,16,1700
3111,29363,2881,999
3112,35296,98,3805
3113,55915,155,2080
3114,42648,156,2456
3115,46087,111,2006
3116,29445,58,9743
3117,57075,24,1021
3118,27045,366,3121
3119,57414,15,548
3120,30449,84,8715
3121,55943,307,1258
3122,54730,28,471
3123,35363,647,1507
3124,35922,143,4635
3125,53766,0,3290
3126,33782,428,1157
3127,33556,2115,1605
3128,39581,277,3882
3129,47290,143,3106
3130,29745,168,7232
3131,54950,155,2139
3132,59359,25,53
3133,42990,1670,891
3134,53587,246,484
