# Stats for class 2
0,6374,1578,1379
1,618,356,125
2,7565,5308,2630
3,3728,4290,1871
4,3591,348,1927
5,376,3619,74
6,3174,2818,2063
7,7609,2280,1841
8,613,137,382
9,0,1622,0
10,759,1597,590
11,6128,1132,2794
12,2085,540,1388
13,918,1478,730
14,2828,311,741
15,1656,4337,860
16,14917,2501,3929
17,3804,902,1895
18,582,2428,784
19,3867,3437,1829
20,11158,2540,3953
21,3637,232,210
22,408,2764,731
23,1819,1295,1282
24,8958,877,1720
25,5311,3687,2202
26,5091,687,1381
27,1830,1182,1544
28,2999,3748,1194
29,14460,2171,4744
30,2110,250,477
31,1578,837,4628
32,4044,2366,2401
33,6370,1754,3171
34,424,133,256
35,342,1706,270
36,2324,1000,997
37,1237,2122,595
38,9879,1343,2920
39,4098,434,1087
40,1528,1016,974
41,1364,6554,1024
42,13935,2128,6094
43,3635,588,1377
44,784,2014,1047
45,3929,3494,1422
46,10643,2435,3731
47,5280,3257,3725
48,3697,239,514
49,686,2044,1280
50,1676,3435,705
51,10573,753,2074
52,4690,604,1679
53,1857,1767,943
54,1055,3371,1092
55,8039,2191,2249
56,2285,219,850
57,547,1182,280
58,4745,3258,936
59,3910,2469,3390
60,5408,1645,2624
61,376,273,633
62,1052,505,2942
63,1667,2647,324
64,9558,1011,3109
65,3892,662,769
66,1906,1369,840
67,5472,4319,2496
68,13976,2077,4479
69,6910,5506,2767
70,3084,754,1240
71,2041,2467,1782
72,2981,3922,1155
73,11523,2381,3219
74,3796,176,648
75,249,1717,293
76,1878,2040,956
77,6072,959,1828
78,2495,389,1103
79,2310,960,1751
80,3357,4126,2854
81,1292,1687,1262
82,7452,1832,3626
83,2701,272,816
84,889,1789,510
85,2323,1949,1258
86,1666,827,1091
87,7406,1627,1453
88,3120,270,799
89,440,419,226
90,2120,2201,898
91,0,4,0
92,4609,1096,1151
93,2923,69,59
94,167,56,260
95,1712,972,2294
96,1967,616,963
97,2930,368,1059
98,719,363,735
99,162,745,656
100,6386,1530,1512
101,2576,1793,3213
102,1405,6472,1381
103,1640,155,2678
104,375,919,877
105,1606,429,1126
106,2566,2119,2422
107,2525,2606,1076
108,437,560,563
109,462,328,773
110,1073,1323,347
111,6619,426,2314
112,3703,260,683
113,4087,4405,1413
114,9274,3947,2281
115,539,2677,238
116,1025,1459,430
117,6709,1135,1568
118,1957,536,449
119,1191,1069,766
120,3631,1740,1368
121,4827,1073,1789
122,1580,157,301
123,155,52,2304
124,247,1511,613
125,11087,3402,2454
126,612,1194,884
127,2082,429,2399
128,2686,3271,2142
129,156,2293,226
130,1957,1491,1553
131,2601,2064,1458
132,1254,883,518
133,3363,231,691
134,453,655,157
135,2337,2453,1478
136,0,0,0
137,4774,1169,1778
138,2172,71,69
139,10,208,238
140,1710,1453,535
141,3371,506,1327
142,4061,393,981
143,464,576,256
144,727,511,1471
145,6197,1489,2513
146,2396,219,785
147,2164,2543,327
148,615,484,4243
149,4265,2174,2897
150,2163,474,1437
151,2174,1332,1830
152,1020,4905,1214
153,64,749,124
154,2285,2398,1718
155,44,394,199
156,6754,612,2021
157,3090,379,1010
158,4106,3553,2210
159,2141,942,1434
160,936,1219,1060
161,6607,1251,2076
162,2302,766,751
163,383,505,74
164,3134,1841,2066
165,2648,1294,1504
166,2617,117,368
167,10,18,1758
168,1447,721,877
169,0,8,670
170,2145,877,1129
171,3486,467,1461
172,1863,1779,1677
173,3479,2630,2233
174,468,344,653
175,3272,1690,2251
176,573,2589,787
177,405,3503,1303
178,736,1162,374
179,3475,2519,2412
180,6544,1283,3882
181,5515,1354,1716
182,1206,149,220
183,0,247,5
184,1429,669,1516
185,5233,953,1163
186,4519,308,576
187,1198,773,97
188,1028,984,794
189,5070,1564,2271
190,1452,182,403
191,5124,2696,1036
192,391,656,252
193,1789,1624,1204
194,2160,870,996
195,2290,159,283
196,4560,1051,2726
197,1407,1201,1658
198,2485,1581,2588
199,403,466,966
200,585,622,281
201,1421,1274,1212
202,6783,4830,2822
203,2201,2059,1380
204,1725,931,1032
205,7262,1541,1597
206,3107,275,812
207,460,487,206
208,2157,2220,861
209,4687,1062,1073
210,2922,63,60
211,234,53,193
212,1712,1215,2294
213,4062,3638,2123
214,1988,627,942
215,3059,368,930
216,776,306,678
217,162,805,656
218,6310,1486,1588
219,2380,1909,3409
220,1593,182,2725
221,343,852,909
222,1420,446,1312
223,2583,2022,2405
224,0,0,519
225,8,0,610
226,2773,2593,828
227,465,619,535
228,537,353,698
229,1086,1280,334
230,6502,452,2431
231,3523,258,863
232,543,2601,234
233,1090,1688,365
234,6734,1126,1543
235,1910,630,496
236,3316,133,791
237,1186,1100,771
238,3639,1781,1360
239,4985,1112,1631
240,1623,153,258
241,134,81,2325
242,253,1468,607
243,605,1372,891
244,1910,403,2571
245,2765,2992,2063
246,137,2471,245
247,1042,1773,1327
248,2126,1356,1384
249,2680,2417,1379
250,1280,1000,492
251,3435,244,619
252,393,680,217
253,2336,2253,1479
254,4680,1210,1872
255,2165,69,76
256,2,326,246
257,1581,1200,664
258,295,1313,659
259,3563,615,1135
260,4014,330,1028
261,460,552,260
262,457,610,1741
263,6213,1438,2497
264,2403,245,778
265,515,470,4343
266,4285,2116,2877
267,2085,465,1515
268,1941,1165,2063
269,54,95,16
270,1045,4896,1189
271,61,718,127
272,2275,2335,1728
273,81,267,162
274,3384,2578,2235
275,119,460,311
276,119,451,83
277,256,887,433
278,38,695,2
279,2269,2152,908
280,3699,2257,2525
281,421,668,493
282,0,12,0
283,1046,1461,1540
284,477,454,302
285,1371,1966,1933
286,211,322,52
287,1770,686,2379
288,78,465,123
289,1244,1268,2804
290,55,300,376
291,2357,508,2535
292,0,22,0
293,925,1620,1128
294,676,1907,2848
295,1703,1357,1083
296,790,1408,716
297,3250,668,1696
298,531,1208,704
299,2798,1174,1456
300,467,712,552
301,4,19,0
302,0,66,0
303,2747,1663,1680
304,2189,448,1227
305,81,35,49
306,1503,270,1586
307,0,79,0
308,2257,601,1689
309,0,222,19
310,1428,595,1154
311,0,0,55
312,649,2010,1136
313,815,1233,1500
314,149,56,3031
315,2080,848,5251
316,42,55,523
317,55,270,286
318,932,1074,759
319,68,136,46
320,304,670,413
321,416,1057,274
322,2226,828,999
323,2103,535,1335
324,2598,1591,3920
325,11,103,0
326,3818,1916,2125
327,0,0,0
328,5022,1333,1894
329,0,0,0
330,3762,1957,2047
331,0,0,0
332,3075,3056,1849
333,222,809,910
334,0,0,18
335,3252,275,655
336,3508,1593,1288
337,549,214,2137
338,0,8,400
339,1756,900,3682
340,134,599,341
341,2418,1142,1282
342,324,448,581
343,58,69,19
344,484,971,651
345,658,967,230
346,1912,967,839
347,14,65,174
348,1738,415,1285
349,1556,679,948
350,2152,946,1660
351,2781,630,1086
352,1422,656,1438
353,2897,832,1313
354,330,1330,927
355,0,3,0
356,2699,2443,3407
357,214,554,2205
358,31,0,682
359,1887,1083,2239
360,84,330,295
361,3132,1502,1679
362,210,673,432
363,1,8,38
364,770,1465,608
365,149,553,130
366,28,12,0
367,1006,710,1053
368,812,893,360
369,1803,1149,2494
370,802,1131,1349
371,954,1325,555
372,736,1286,1204
373,1066,1721,1559
374,1182,1312,1319
375,505,893,608
376,2842,1835,817
377,635,286,1704
378,3293,2309,2326
379,123,451,307
380,1079,2174,1809
381,124,455,78
382,258,803,431
383,32,305,8
384,2242,2097,935
385,416,595,498
386,0,22,0
387,1134,1446,1452
388,482,517,297
389,1513,2172,1791
390,209,346,54
391,702,593,530
392,1694,839,2455
393,83,441,118
394,1371,1389,2677
395,64,324,367
396,0,13,0
397,974,1514,1079
398,635,1896,2889
399,1732,1291,1054
400,818,1526,688
401,2780,655,2166
402,2,136,2
403,552,1060,683
404,2577,1217,1677
405,479,852,540
406,4,20,0
407,2798,1698,1629
408,2042,411,1374
409,75,39,55
410,1503,248,1586
411,0,49,0
412,2206,594,1740
413,1478,3167,2415
414,0,561,19
415,1084,479,1498
416,0,0,55
417,653,1863,1132
418,169,56,3011
419,1817,941,5514
420,48,35,517
421,63,278,278
422,1038,1042,653
423,87,231,27
424,80,256,216
425,318,732,399
426,420,999,270
427,2117,810,1108
428,2046,517,1392
429,11,105,0
430,3833,1817,2110
431,0,0,0
432,4917,1268,1999
433,0,0,0
434,3808,1920,2001
435,20,18,149
436,0,0,0
437,3068,3234,1856
438,278,1062,854
439,0,0,18
440,684,277,2002
441,750,1406,279
442,4233,4349,1367
443,12397,2033,2423
444,3683,375,2675
445,6316,1355,3916
446,5457,3724,1936
447,1610,1063,2479
448,4301,3052,2042
449,8653,3111,2322
450,2313,154,489
451,2218,1320,1599
452,2218,2417,1358
453,9065,416,2465
454,4197,347,1744
455,1478,2010,706
456,1887,3900,1485
457,13828,2218,3260
458,3,47,37
459,3281,306,1848
460,2065,2669,1727
461,3752,3838,1910
462,11373,2592,3971
463,3234,205,282
464,1290,959,1288
465,1326,1940,535
466,8876,1133,2141
467,2635,571,1126
468,925,1976,743
469,45,378,119
470,4325,6139,1381
471,11817,2614,3125
472,3826,683,936
473,5429,1803,1958
474,4458,2370,3013
475,8852,4042,3234
476,2139,169,544
477,1769,600,1453
478,1805,3317,970
479,8807,970,2560
480,1539,1574,1707
481,4232,389,1293
482,1391,1629,540
483,1724,5368,634
484,14120,1869,2878
485,3998,409,551
486,605,2462,1211
487,2758,3378,1371
488,11246,2483,4233
489,2839,244,378
490,1645,2070,1411
491,798,1113,1514
492,2702,1903,1006
493,9332,995,2506
494,2427,856,727
495,873,1599,304
496,3402,6452,1454
497,13282,2010,2620
498,3135,531,1584
499,4476,1466,3001
500,5603,2576,2910
501,8484,3272,3877
502,1443,956,2024
503,2415,152,583
504,1979,637,1235
505,1636,1118,1109
506,8246,731,1928
507,4855,587,867
508,1170,1663,952
509,1655,4681,1219
510,14659,1961,3787
511,2663,986,1645
512,1377,2123,1380
513,2682,669,3181
514,4164,3968,1849
515,10703,4119,3563
516,1575,228,379
517,2734,682,1566
518,3835,2851,1549
519,8334,832,2000
520,3543,625,939
521,959,1026,684
522,3129,7357,2133
523,14100,2620,3038
524,31,90,37
525,2773,560,970
526,1940,2492,2009
527,5357,2719,2292
528,9729,2536,3241
529,2609,148,602
530,1800,1163,1597
531,1264,2072,428
532,10107,609,1556
533,4862,444,1229
534,1211,883,1342
535,24,9,339
536,1358,3722,1236
537,15401,1750,3398
538,4123,773,1267
539,5084,2973,2300
540,3635,5053,968
541,7905,4661,3693
542,1230,327,302
543,2438,1043,1492
544,2799,2531,853
545,8737,735,2052
546,4208,1079,2546
547,3940,442,1322
548,1364,1551,1627
549,2216,5927,1288
550,14659,2383,3174
551,2734,743,1028
552,3064,2205,2329
553,4695,3387,1732
554,10935,2801,3003
555,3205,155,178
556,424,2927,562
557,2904,1475,313
558,1439,1862,1860
559,1654,2014,998
560,10216,786,2816
561,4423,395,958
562,726,1265,303
563,4284,4580,1316
564,11886,2005,2934
565,3764,392,2594
566,6639,1572,3593
567,4260,3063,2083
568,8662,3115,2313
569,412,629,364
570,2349,157,453
571,2244,1282,1573
572,2245,2287,1331
573,9272,408,2258
574,4221,320,1720
575,1540,2135,644
576,1874,3668,1498
577,13823,2035,3265
578,3335,357,1794
579,2072,3072,1720
580,22,94,26
581,3798,3268,1864
582,11598,2663,3746
583,3221,202,295
584,1327,1214,1251
585,1404,1767,457
586,8805,1040,2212
587,2618,595,1143
588,960,2086,708
589,4184,5830,1522
590,11853,2561,3089
591,1984,1396,3102
592,3679,571,1083
593,5215,1864,2172
594,4574,2900,2897
595,8366,3962,3720
596,2125,160,558
597,1733,507,1489
598,1811,3276,964
599,8570,898,2797
600,4032,370,1493
601,1420,1551,511
602,1272,1002,640
603,1759,5189,599
604,13681,1893,3317
605,3658,311,891
606,652,3503,1164
607,2779,3415,1350
608,11079,2199,4400
609,2819,218,398
610,1642,2346,1414
611,2706,1977,1002
612,9397,842,2441
613,18,56,4
614,2351,794,803
615,841,1592,336
616,3643,6505,1213
617,13117,2069,2785
618,3098,494,1621
619,4465,1646,3012
620,5603,2248,2910
621,8441,3292,3920
622,2480,136,518
623,2003,541,1211
624,587,1189,830
625,1564,1285,1181
626,8271,887,1903
627,4914,522,808
628,1091,1740,1031
629,1578,4935,1296
630,14468,1997,3978
631,2603,792,1705
632,1358,2183,1399
633,3358,1808,2668
634,148,329,263
635,96,333,227
636,4273,2956,3868
637,2089,1822,3385
638,289,377,611
639,0,13,0
640,1924,1404,2184
641,37,117,116
642,5909,1055,2435
643,1071,1459,982
644,334,577,309
645,53,62,11
646,2922,1541,2328
647,5248,1591,1401
648,2980,529,2714
649,32,88,69
650,976,1658,418
651,3609,1360,4312
652,1516,937,1450
653,2,10,36
654,121,24,314
655,1754,1252,2418
656,2210,1606,1421
657,421,1664,785
658,925,525,11
659,2731,1551,4118
660,338,518,444
661,23,405,262
662,2455,1807,2071
663,139,417,105
664,4798,2100,3218
665,2453,410,2060
666,12,31,8
667,615,1513,952
668,2141,1181,2386
669,0,0,0
670,3462,766,3108
671,136,162,209
672,14,5,286
673,1994,1393,1999
674,970,1545,1583
675,452,662,373
676,32,53,14
677,2446,1894,2733
678,586,831,633
679,0,2,141
680,6271,7481,2075
681,3061,1011,803
682,26,1192,412
683,1059,1594,1612
684,424,2426,675
685,4504,2084,2908
686,248,647,139
687,197,208,306
688,3887,1105,2137
689,24,514,222
690,0,0,259
691,4983,1477,2712
692,3985,3654,1891
693,1853,2015,2476
694,289,511,460
695,56,75,39
696,1930,1550,1863
697,2347,1277,1142
698,48,61,153
699,772,1505,1004
700,4517,2068,3207
701,640,899,664
702,172,159,274
703,7,90,708
704,22,47,345
705,779,2076,1629
706,0,3,0
707,65,241,380
708,1591,1537,912
709,573,1512,834
710,1065,1791,1304
711,319,1234,635
712,58,98,12
713,3793,2407,2431
714,5376,3271,2605
715,2010,447,2882
716,0,84,0
717,853,1174,1462
718,2554,1505,3964
719,3280,1481,1516
720,10,53,178
721,0,0,713
722,1754,1130,2543
723,1203,2164,1685
724,725,527,507
725,3629,3751,1970
726,2,127,2
727,1382,3151,2511
728,69,244,227
729,44,14,125
730,1616,1660,2473
731,3,20,37
732,33,244,131
733,1525,1366,1721
734,633,922,1679
735,1358,1062,2109
736,2765,255,804
737,2758,734,3105
738,31,77,37
739,8,5,355
740,3957,1020,2797
741,1475,1717,1824
742,420,576,356
743,24,101,24
744,2037,1374,3049
745,1313,1065,599
746,15,52,7
747,5498,4948,2015
748,477,824,940
749,3242,1769,2784
750,101,325,310
751,130,341,193
752,2089,1741,3385
753,299,397,601
754,0,5,0
755,1954,1393,2154
756,35,129,118
757,5865,1073,2479
758,2336,1315,985
759,1076,1614,977
760,333,577,310
761,54,52,10
762,2759,1605,2491
763,3403,607,2291
764,32,89,69
765,864,1737,530
766,2923,1448,4998
767,1599,1109,1367
768,2,17,36
769,5115,3463,3890
770,158,60,277
771,1823,1280,2349
772,2206,1604,1425
773,438,1692,768
774,2438,1360,4411
775,336,541,446
776,24,381,261
777,2411,1811,2115
778,132,445,112
779,2,0,818
780,4755,2927,926
781,2542,667,755
782,11889,2022,2937
783,646,2531,379
784,12516,2211,2883
785,7603,2399,3466
786,3948,4517,3052
787,2124,2411,580
788,2995,4098,880
789,2712,1428,434
790,6810,4671,2572
791,10065,4861,3152
792,6758,5359,2919
793,0,21,396
794,3,21,6
795,3710,4710,914
796,65,11,32
797,3278,3658,883
798,90,29,19
799,6180,1076,1687
800,8075,5243,3027
801,12,1,6
802,6395,4262,3694
803,3497,4212,2714
804,5366,3465,3884
805,3493,1162,1007
806,6114,4979,2837
807,21,37,805
808,5478,5834,1121
809,0,4,744
810,52,58,60
811,6827,1326,2401
812,2560,382,1277
813,3856,9272,1400
814,0,0,0
815,2970,465,1249
816,7425,7401,2098
817,668,3111,193
818,4850,5084,2356
819,3679,1620,760
820,4589,3187,4472
821,3831,1673,1722
822,6180,5001,1965
823,4,15,1146
824,203,54,25
825,1508,6906,1278
826,5973,3140,2045
827,29,138,0
828,6134,1713,2223
829,2556,270,1338
830,12737,1545,4098
831,5472,4530,3174
832,17,21,21
833,7630,3433,2525
834,0,258,0
835,4094,5689,2109
836,9099,3953,2456
837,5058,2539,2210
838,1,4,767
839,7657,4264,3285
840,20,86,1233
841,301,33,11
842,6296,2340,1284
843,1130,854,1080
844,13517,1208,6250
845,58,2820,26
846,13219,2498,2767
847,10968,3592,2573
848,5862,4374,1972
849,3487,2858,1743
850,1537,2129,1158
851,3176,3251,1683
852,2923,2042,1972
853,2972,3695,1282
854,2321,1512,380
855,5626,5614,3155
856,6753,1251,1977
857,596,17,35
858,0,0,0
859,7128,1636,1472
860,1772,1618,762
861,13522,1458,3580
862,6359,4143,2259
863,0,6,0
864,5298,4498,1494
865,3612,3544,1541
866,2409,1321,1334
867,5015,5073,1627
868,0,118,306
869,2172,2181,319
870,9697,2230,5029
871,0,1,0
872,3973,6066,1436
873,0,1,820
874,2637,811,660
875,12001,2106,2825
876,614,2530,411
877,12548,2024,2851
878,7729,2373,3340
879,3969,4797,3031
880,3995,3707,2321
881,2054,2404,650
882,2881,4765,994
883,2686,1294,460
884,6604,4387,2778
885,8,64,388
886,2,20,7
887,3576,4400,1048
888,82,9,15
889,3203,3491,958
890,92,36,17
891,8,7,662
892,6543,1315,1324
893,8033,5302,3069
894,11,1,7
895,6696,4080,3393
896,5389,3486,3861
897,3510,1083,990
898,6444,5083,2507
899,3,8,823
900,5555,6312,1044
901,11,8,733
902,4297,3768,789
903,6892,1065,3534
904,46,56,66
905,6782,1643,2446
906,2464,410,1373
907,3807,8997,1449
908,2829,491,1390
909,7560,7706,1963
910,585,2815,276
911,4808,4375,2398
912,3655,1157,784
913,4757,3157,4304
914,5037,1647,1123
915,3513,1342,2040
916,6030,4760,2115
917,2,8,1148
918,200,47,28
919,5876,3860,2142
920,29,128,0
921,6118,2122,2239
922,2864,332,1030
923,12963,1521,3872
924,5389,3963,3257
925,6748,5227,2857
926,37,27,1
927,7349,3431,2806
928,0,253,0
929,4265,4875,1938
930,2217,437,2911
931,549,73,923
932,0,0,0
933,3774,2164,1927
934,228,15,768
935,94,9,251
936,3883,3702,2302
937,2234,1181,2568
938,3412,321,2180
939,4049,3133,2318
940,7106,4158,4781
941,7984,2358,5346
942,1995,238,315
943,3755,892,1860
944,3114,1667,1423
945,10572,1328,3297
946,2579,372,1146
947,0,1,618
948,503,1245,233
949,3379,3188,1452
950,11040,1156,3394
951,4381,313,1832
952,4799,1389,2960
953,2969,1216,2038
954,0,0,0
955,1615,568,1309
956,653,70,2296
957,0,0,0
958,3119,179,988
959,3208,1684,2503
960,24,224,307
961,2194,2419,1847
962,4306,3857,3056
963,10042,1573,1825
964,2660,361,1390
965,619,1888,815
966,2898,2556,1988
967,9951,929,3825
968,3788,808,1154
969,0,0,0
970,4583,1683,3931
971,4658,2952,3602
972,9718,3959,5366
973,2205,203,188
974,2422,1135,1952
975,3342,1666,1893
976,0,2,0
977,713,170,2835
978,2750,963,2907
979,0,0,0
980,2405,1924,709
981,2163,374,2086
982,287,261,1159
983,734,1464,617
984,2536,4278,3069
985,10220,1299,4965
986,4269,267,1585
987,5808,1460,3336
988,6105,3580,4929
989,8488,2383,5719
990,1019,125,650
991,3776,4578,1276
992,2510,1780,1918
993,3553,1357,1379
994,10523,1081,1861
995,2818,372,1746
996,816,1404,278
997,2899,1998,1971
998,9755,1802,4657
999,201,48,1082
1000,2503,1385,3646
1001,51,87,1918
1002,5938,1672,1081
1003,302,119,1972
1004,2181,1340,3106
1005,0,0,0
1006,7659,4526,3697
1007,8812,2342,5567
1008,1950,167,352
1009,3702,1160,3108
1010,4472,3397,2579
1011,11329,819,3555
1012,2180,294,1548
1013,0,0,0
1014,1365,353,171
1015,415,1445,548
1016,3322,2573,1653
1017,9876,1092,2750
1018,3820,1196,1048
1019,3301,3007,3186
1020,5698,2639,2997
1021,7620,3306,6714
1022,2337,171,508
1023,5642,1440,2302
1024,96,7,412
1025,10152,2642,3574
1026,169,29,1224
1027,3202,1047,2541
1028,0,2,66
1029,82,19,2225
1030,8772,739,2057
1031,2364,277,1809
1032,1056,1815,853
1033,3443,2503,2053
1034,10021,1459,4584
1035,3987,517,1229
1036,7830,6247,2641
1037,5703,1126,2615
1038,5626,3075,4948
1039,10883,2201,5319
1040,1692,163,262
1041,1966,2620,1384
1042,3438,2027,1242
1043,8600,748,2626
1044,3586,353,1312
1045,2044,401,3084
1046,319,98,1153
1047,0,0,0
1048,0,0,0
1049,3708,1861,1993
1050,69,4,927
1051,75,28,270
1052,1775,1250,3027
1053,2972,243,2620
1054,4155,2887,2212
1055,7186,3856,4701
1056,7585,2390,5745
1057,1997,247,313
1058,3022,1515,677
1059,3640,813,1975
1060,3162,1754,1375
1061,10885,1136,2984
1062,2567,376,1158
1063,512,983,224
1064,3307,2812,1524
1065,10779,1219,3655
1066,4230,283,1983
1067,4900,1611,2859
1068,3003,1524,2004
1069,4778,3485,1745
1070,0,0,0
1071,1613,376,1311
1072,313,51,2636
1073,0,0,0
1074,3045,1688,2666
1075,24,72,307
1076,2280,2940,1761
1077,4336,4022,3026
1078,9765,1575,2102
1079,2633,384,1417
1080,0,3,892
1081,585,1749,849
1082,2836,2510,2050
1083,9771,917,4005
1084,3779,810,1163
1085,4802,2179,3712
1086,4753,2709,3507
1087,9225,3550,5859
1088,2052,175,341
1089,2146,1391,2228
1090,2968,1392,2267
1091,2865,362,333
1092,0,6,0
1093,915,154,2633
1094,2288,1019,3369
1095,0,0,0
1096,2129,366,2120
1097,262,139,1184
1098,668,1494,683
1099,2495,4096,3110
1100,9799,1380,5386
1101,3961,259,1893
1102,5329,3542,1891
1103,5373,1183,3771
1104,6262,3453,4772
1105,8477,2252,5730
1106,1027,140,642
1107,2319,1469,2109
1108,3367,1395,1565
1109,10395,1023,1989
1110,2805,376,1759
1111,828,1170,266
1112,2953,1804,1917
1113,3260,1098,906
1114,9722,1794,4690
1115,22,29,268
1116,10735,1957,11483
1117,54,123,347
1118,6594,4761,2274
1119,11,58,230
1120,4093,7283,1372
1121,5226,6109,1492
1122,1715,2286,1122
1123,9,2,55
1124,3494,3931,2979
1125,5434,3581,2959
1126,2497,2485,1796
1127,8861,4514,1578
1128,0,0,0
1129,7319,3941,1663
1130,0,0,0
1131,7063,4816,2593
1132,0,8,0
1133,7129,3085,2299
1134,0,1,0
1135,5145,949,3230
1136,6985,6164,3296
1137,32,11,60
1138,4530,2727,1346
1139,27,11,17
1140,4596,2319,1837
1141,1223,2291,1387
1142,0,0,0
1143,4064,5906,2336
1144,6,357,190
1145,4682,5395,2094
1146,0,1,0
1147,10019,4095,3962
1148,2747,1580,1745
1149,0,3,0
1150,3522,634,2093
1151,0,31,0
1152,2427,2210,873
1153,18,46,74
1154,941,2417,308
1155,11950,2693,2885
1156,1703,2058,971
1157,11152,3092,2560
1158,0,0,0
1159,3639,495,1215
1160,8620,3935,2005
1161,5841,6596,2341
1162,47,16,301
1163,686,1587,575
1164,6345,4116,3585
1165,372,1561,1070
1166,121,263,524
1167,4699,3379,3643
1168,152,238,770
1169,2721,1475,617
1170,3578,4599,2077
1171,645,59,323
1172,3467,4294,1312
1173,277,424,68
1174,3173,4100,1787
1175,135,118,109
1176,5157,6278,2730
1177,214,88,155
1178,3971,8064,2472
1179,0,0,54
1180,4587,3960,2032
1181,3122,1775,875
1182,6124,3943,2978
1183,4665,2344,1436
1184,1454,2838,2854
1185,0,0,0
1186,7390,3899,4485
1187,272,1279,473
1188,5544,4131,3139
1189,410,999,572
1190,4762,4048,3418
1191,5398,2663,1486
1192,730,721,1595
1193,5191,5094,2562
1194,1528,467,364
1195,2381,4369,1739
1196,3151,1557,5978
1197,2387,3633,1505
1198,2787,2725,498
1199,3213,3465,1621
1200,2993,3613,1031
1201,1377,3221,1906
1202,2294,256,195
1203,9354,3403,2067
1204,0,0,0
1205,5226,1641,1192
1206,1050,2630,1684
1207,4505,1537,1250
1208,1646,2264,2062
1209,3669,1000,1205
1210,2571,2148,4005
1211,3870,1121,1506
1212,2158,2032,1158
1213,9692,2005,3734
1214,64,239,226
1215,10552,2020,11666
1216,121,281,280
1217,6775,5234,2093
1218,79,132,162
1219,4126,7199,1339
1220,5373,5936,1345
1221,1539,2184,1298
1222,9,10,55
1223,2530,2467,1763
1224,7270,6314,2651
1225,8778,4466,1661
1226,0,0,0
1227,7454,4019,1528
1228,0,0,0
1229,7260,4826,2396
1230,0,4,0
1231,7227,3322,2201
1232,0,0,0
1233,5403,1030,2972
1234,37,11,55
1235,4132,3192,1234
1236,0,6,0
1237,4506,3264,1370
1238,38,21,6
1239,4509,2942,1924
1240,1232,2164,1378
1241,0,18,0
1242,4203,5753,2197
1243,16,416,180
1244,4626,4855,2150
1245,0,0,0
1246,2676,1480,1816
1247,2895,782,781
1248,0,29,0
1249,3463,465,2152
1250,0,190,0
1251,2351,2346,949
1252,37,28,55
1253,926,2454,323
1254,11824,2495,3011
1255,1822,2280,852
1256,11110,2929,2602
1257,3784,620,1070
1258,5359,3130,3156
1259,8430,4131,2195
1260,5914,5902,2268
1261,75,23,273
1262,674,1645,587
1263,6265,3906,3665
1264,487,1239,955
1265,192,205,453
1266,4412,3320,3930
1267,173,267,749
1268,3504,4642,2151
1269,4929,2099,1575
1270,616,59,352
1271,3416,3912,1363
1272,273,465,72
1273,3235,3731,1725
1274,2159,1174,592
1275,2821,1530,1042
1276,1061,1184,338
1277,3901,1669,2823
1278,649,101,268
1279,713,474,189
1280,6385,5216,2609
1281,1019,408,609
1282,2471,1234,2464
1283,4452,1614,1994
1284,841,1586,737
1285,196,17,539
1286,1873,1113,1713
1287,1221,1655,1062
1288,2121,3343,2380
1289,849,451,195
1290,4209,3069,3230
1291,3376,3832,893
1292,441,651,496
1293,43,86,6
1294,4152,1097,1709
1295,1819,922,1935
1296,4582,960,2405
1297,3537,1459,1272
1298,2480,2022,725
1299,523,542,185
1300,2806,1584,867
1301,1602,588,1296
1302,6153,1645,1600
1303,0,0,168
1304,2346,771,1615
1305,2220,1076,1247
1306,1959,1762,1741
1307,697,278,616
1308,3499,2851,3121
1309,492,80,161
1310,203,171,227
1311,1374,985,508
1312,1136,3106,864
1313,582,451,161
1314,1622,3627,1541
1315,535,602,774
1316,4331,3168,3162
1317,1043,598,1078
1318,4882,2147,3338
1319,1863,700,1359
1320,531,495,331
1321,1349,1339,552
1322,2122,1309,1052
1323,2947,1863,2688
1324,6189,7466,2157
1325,324,209,332
1326,4872,1640,2503
1327,1004,105,314
1328,455,267,244
1329,1094,518,668
1330,1122,2057,954
1331,1646,1831,752
1332,1734,676,1137
1333,176,152,411
1334,4019,1206,1782
1335,9954,5177,3263
1336,1665,1572,585
1337,1235,1440,1059
1338,1620,721,617
1339,2004,2670,2378
1340,901,375,1004
1341,3781,2126,2342
1342,334,345,462
1343,556,946,515
1344,517,1076,203
1345,2160,1358,999
1346,2245,765,267
1347,4143,3985,943
1348,653,480,556
1349,2044,1492,1512
1350,2770,2767,1155
1351,1240,1069,895
1352,5,6,671
1353,1972,693,2003
1354,1384,1502,525
1355,2784,2627,2247
1356,1292,227,457
1357,4958,2696,2530
1358,0,20,0
1359,381,258,65
1360,34,129,4
1361,2039,1020,1084
1362,1026,3607,1261
1363,2085,942,1692
1364,370,366,418
1365,978,1548,818
1366,61,252,40
1367,2146,2440,977
1368,332,315,419
1369,3353,4139,3120
1370,845,337,741
1371,2147,684,1745
1372,666,1984,778
1373,3356,2315,1952
1374,777,277,457
1375,4260,1502,3192
1376,561,99,58
1377,909,167,261
1378,1730,750,717
1379,392,3126,235
1380,4196,3149,1170
1381,1169,1735,1023
1382,868,1269,1213
1383,57,5,408
1384,2897,1837,1970
1385,1102,917,1148
1386,1231,802,1234
1387,1583,1858,1605
1388,601,839,1020
1389,2185,1147,566
1390,2809,1329,1054
1391,2278,855,234
1392,1034,1051,365
1393,3506,1647,3218
1394,625,96,292
1395,688,424,214
1396,942,386,686
1397,2151,1068,2784
1398,4497,1713,1949
1399,829,1742,749
1400,164,7,571
1401,1861,1214,1725
1402,5637,4323,2540
1403,1265,1655,1018
1404,2267,3325,2234
1405,827,637,217
1406,4156,2859,3283
1407,418,521,519
1408,42,88,7
1409,4088,1055,1773
1410,1734,926,2020
1411,4591,990,2396
1412,3509,1508,1300
1413,7262,5518,2933
1414,2236,2019,969
1415,587,612,121
1416,2944,1598,729
1417,1623,551,1275
1418,0,0,168
1419,2206,666,1755
1420,2109,1123,1358
1421,1816,1962,1884
1422,579,281,734
1423,3304,2652,3316
1424,4083,4507,1417
1425,485,75,168
1426,219,175,211
1427,1392,1233,490
1428,1105,3481,895
1429,1608,3461,1555
1430,546,665,763
1431,4265,2949,3228
1432,968,589,1153
1433,4485,2178,3735
1434,1566,690,1656
1435,0,0,519
1436,486,449,376
1437,1402,1411,499
1438,1984,1194,1190
1439,2818,1537,2817
1440,344,215,312
1441,4807,1629,2568
1442,1030,128,288
1443,480,270,219
1444,1060,436,702
1445,1198,2337,878
1446,3248,317,659
1447,1623,2031,775
1448,1705,641,1166
1449,267,110,320
1450,3963,1355,1838
1451,1636,1482,614
1452,1256,1572,1038
1453,1581,753,656
1454,2111,2409,2271
1455,886,360,1019
1456,3907,2567,2216
1457,5593,4249,2584
1458,5489,3658,1904
1459,321,317,475
1460,862,1334,786
1461,1660,4443,856
1462,14694,2499,4152
1463,3985,972,1714
1464,597,2359,769
1465,3947,3309,1749
1466,11342,2982,3769
1467,3642,239,205
1468,347,2311,792
1469,2777,1481,440
1470,1752,1426,1349
1471,8955,836,1723
1472,5070,675,1402
1473,1884,1032,1490
1474,3037,4140,1156
1475,14136,2125,5068
1476,2221,266,366
1477,1415,680,4791
1478,3999,2187,2446
1479,6512,2120,3029
1480,4663,2971,3478
1481,439,134,241
1482,303,1762,309
1483,1209,2152,623
1484,9820,1345,2979
1485,4224,403,961
1486,1511,1023,991
1487,1442,6750,946
1488,14252,2262,5777
1489,3658,574,1354
1490,824,2101,1007
1491,5267,2020,1382
1492,3968,3036,1383
1493,10722,2789,3652
1494,3655,235,556
1495,666,1677,1300
1496,1715,3071,666
1497,10693,717,1954
1498,4725,650,1644
1499,1889,1818,911
1500,1039,3437,1108
1501,8063,2205,2225
1502,927,660,9
1503,2506,279,629
1504,547,1088,280
1505,3723,2642,3577
1506,5431,1798,2601
1507,393,303,616
1508,916,557,3078
1509,1703,2740,288
1510,9592,892,3075
1511,3850,716,811
1512,2017,1382,729
1513,0,0,0
1514,5411,4043,2557
1515,14158,2282,4297
1516,3051,861,1273
1517,2186,2017,1637
1518,2899,3547,1237
1519,11914,2049,2828
1520,3710,185,734
1521,233,1764,309
1522,1921,2392,913
1523,6048,954,1852
1524,3106,1056,758
1525,2569,468,1029
1526,2352,879,1709
1527,1327,2086,1227
1528,7700,1810,3378
1529,2747,268,770
1530,867,1490,532
1531,3755,4225,1508
1532,10961,3035,3800
1533,2622,184,475
1534,304,2160,591
1535,3925,3796,1951
1536,1308,3299,721
1537,9984,957,2148
1538,4729,786,692
1539,940,1322,652
1540,3123,3098,1566
1541,13692,2629,4084
1542,3339,758,1129
1543,2548,1911,1722
1544,3797,3350,1819
1545,11838,2214,4173
1546,4,2,711
1547,3106,224,880
1548,172,1020,2468
1549,1298,2496,828
1550,6473,1010,3284
1551,2250,347,1005
1552,2705,1405,1660
1553,2002,2599,1367
1554,7062,1928,2963
1555,3415,791,1698
1556,1880,607,3200
1557,5144,3076,2837
1558,3597,2302,1726
1559,8506,3940,5650
1560,2791,228,362
1561,319,1655,888
1562,3404,2373,1734
1563,10509,871,1551
1564,4661,604,1350
1565,1445,1170,488
1566,2674,4522,1072
1567,14250,2857,3409
