# Stats for class 2
0,9247,1642,700
1,743,910,0
2,13421,2570,1244
3,7442,2920,462
4,8776,12032,400
5,5119,589,77
6,12678,6791,595
7,2587,3842,94
8,8768,7061,995
9,4517,5542,495
10,10441,2049,2879
11,8033,4385,513
12,12017,12550,1232
13,1406,1628,263
14,3165,425,560
15,228,1557,1
16,8000,2124,1815
17,1391,4209,15
18,19052,2630,1080
19,10655,2961,686
20,7168,1680,830
21,4892,5130,220
22,7499,1773,1255
23,6821,3067,306
24,6907,2030,422
25,10641,2588,1015
26,4719,4614,166
27,11538,11986,138
28,9186,840,1598
29,758,408,26
30,8978,740,1841
31,3771,1565,117
32,18582,1332,1570
33,9592,3689,745
34,6829,1939,576
35,5297,3594,260
36,4126,1467,437
37,13931,8362,474
38,461,1641,319
39,8,973,0
40,6372,2665,723
41,121,711,19
42,4817,3329,278
43,57,1268,46
44,4695,1254,192
45,5915,1232,258
46,3202,1413,298
47,11048,5339,228
48,11151,1351,999
49,994,371,82
50,1508,524,494
51,2423,382,210
52,7215,1505,435
53,7121,2298,1166
54,4058,1264,191
55,957,209,48
56,5778,1769,177
57,4239,2801,223
58,8117,1812,259
59,8191,3289,744
60,1964,375,95
61,11672,4226,470
62,1743,1176,68
63,50,121,12
64,8266,1844,575
65,6117,1500,1963
66,9358,2014,539
67,8176,1542,438
68,6427,1258,687
69,12769,2595,1505
70,1944,392,269
71,5880,1616,179
72,4564,888,757
73,188,62,39
74,6887,1548,260
75,4877,1550,813
76,7505,2193,650
77,1903,245,95
78,10580,3218,549
79,689,184,7
80,8297,2765,423
81,439,178,51
82,3419,963,256
83,4825,3917,343
84,5300,4366,169
85,2795,1316,274
86,12106,4040,686
87,3075,872,90
88,12526,3605,485
89,4152,777,420
90,2018,490,255
91,0,1167,0
92,3807,1299,349
93,4738,1343,408
94,7933,1931,1499
95,1564,168,189
96,11650,2049,593
97,1285,2122,53
98,897,209,415
99,2749,357,187
100,5382,3155,482
101,4034,1869,181
102,5720,9684,330
103,3937,749,334
104,1005,205,87
105,8616,1764,385
106,4364,2048,373
107,5286,1600,520
108,3334,900,151
109,6200,4169,263
110,2851,1114,240
111,8368,2886,543
112,1520,1036,56
113,8260,1431,623
114,15008,2145,699
115,2039,1116,56
116,2425,1626,95
117,5938,2141,599
118,2552,400,218
119,5808,2010,322
120,5100,2820,95
121,3977,547,354
122,694,68,142
123,6390,1571,258
124,3886,2364,264
125,17478,1563,1402
126,8868,2745,953
127,2219,253,57
128,12731,3471,570
129,555,223,2
130,49,886,8
131,4629,1144,277
132,4537,4009,252
133,6388,675,463
134,2020,622,72
135,5163,1103,129
136,0,187,0
137,238,452,9
138,7482,2264,465
139,848,571,135
140,2663,225,339
141,6656,812,353
142,2910,3231,643
143,8078,2110,738
144,1710,190,184
145,11967,2481,785
146,637,210,10
147,3937,2167,76
148,1350,220,245
149,3378,572,185
150,4638,3773,347
151,3139,2158,130
152,3095,1922,321
153,583,228,129
154,7448,2628,211
155,4240,2115,699
156,4473,1045,158
157,5940,3543,956
158,7935,1192,1158
159,3967,1178,112
160,4689,1254,198
161,5926,1185,247
162,3198,1444,302
163,11146,1249,1004
164,998,329,78
165,1510,495,492
166,2409,408,224
167,7250,1535,400
168,7297,2221,990
169,1113,186,382
170,4066,1259,183
171,959,212,46
172,5760,1615,195
173,4227,2814,235
174,8188,3295,747
175,1976,366,83
176,11695,4122,447
177,1758,1135,53
178,48,120,14
179,8198,1870,643
180,12773,2091,817
181,5999,1540,2081
182,9323,2054,574
183,8155,1506,459
184,6408,1181,706
185,1963,396,250
186,5860,1518,199
187,4587,949,734
188,198,73,29
189,6838,1421,309
190,4865,1619,825
191,9091,1010,436
192,7539,2118,616
193,1903,229,95
194,10573,3153,556
195,689,206,7
196,424,174,66
197,3418,888,257
198,4815,4003,353
199,5327,4263,142
200,2726,1453,343
201,12147,3877,645
202,13091,2541,773
203,3064,900,101
204,12490,3305,521
205,4271,687,301
206,2005,436,268
207,3797,1352,359
208,4719,1445,427
209,7959,2065,1473
210,1575,148,178
211,11611,1914,632
212,1295,2180,43
213,7887,1431,700
214,889,220,423
215,2755,405,181
216,5388,3208,476
217,4067,2037,148
218,3899,711,372
219,987,220,105
220,8575,1617,426
221,4329,2006,408
222,5166,1547,640
223,3357,1053,128
224,684,601,213
225,751,585,244
226,6238,4272,225
227,2820,1166,271
228,8374,2987,537
229,1512,1028,64
230,4461,1180,235
231,5947,1113,324
232,3603,1642,259
233,11368,1758,1145
234,917,440,86
235,1545,588,456
236,3602,353,900
237,2636,441,259
238,6870,2006,416
239,7151,2508,1214
240,4287,1165,344
241,1109,300,53
242,5632,1675,310
243,4438,2886,229
244,7659,3136,1190
245,1827,424,90
246,11831,3945,541
247,4299,2983,298
248,1877,1251,80
249,101,121,19
250,8538,1432,688
251,6495,1538,2377
252,10002,2051,540
253,7798,1533,583
254,7223,1185,612
255,2056,329,253
256,5869,1602,231
257,4619,1294,818
258,3959,1346,105
259,109,60,33
260,7325,1526,274
261,4616,1581,880
262,8453,2294,437
263,2184,257,127
264,10585,3117,566
265,674,214,13
266,450,270,53
267,3078,831,306
268,5112,4093,390
269,87,197,7
270,5290,4089,215
271,2589,1220,258
272,13219,3846,829
273,3455,873,99
274,12692,3800,571
275,4630,826,362
276,2327,701,261
277,4064,1250,410
278,4921,1520,493
279,8222,2266,1555
280,9792,3484,707
281,1769,99,167
282,12334,1865,623
283,1107,3755,52
284,839,191,499
285,3161,381,217
286,5345,3228,493
287,4349,2518,196
288,3692,859,290
289,952,219,107
290,8841,1556,454
291,6793,708,464
292,4325,1477,468
293,5048,1626,757
294,3661,963,185
295,6720,4154,268
296,2863,1005,376
297,8526,2783,603
298,1505,1086,86
299,2065,1441,327
300,2839,2300,201
301,6118,2078,671
302,49,176,0
303,2729,406,264
304,5953,2847,320
305,4646,2782,212
306,3384,595,480
307,633,92,263
308,6588,1425,255
309,4344,2769,370
310,8764,2329,1213
311,1812,237,88
312,13265,2808,562
313,3806,1480,358
314,788,299,2
315,57,927,13
316,4993,1163,334
317,4595,4033,356
318,6314,617,705
319,1944,536,104
320,5151,994,203
321,247,569,14
322,7854,2832,605
323,1179,718,183
324,7284,2490,1649
325,2842,235,275
326,6991,924,445
327,2905,3426,758
328,7396,2074,873
329,1916,276,217
330,12114,2113,897
331,567,205,12
332,1240,288,246
333,2923,609,183
334,4576,4113,451
335,3171,368,1152
336,7176,893,436
337,3237,2351,133
338,3223,2163,306
339,472,269,141
340,7955,2821,283
341,4596,2222,913
342,4765,970,173
343,6168,3528,1007
344,4130,1133,133
345,4459,1148,237
346,5973,1036,298
347,229,191,300
348,3569,1631,293
349,11352,1580,1161
350,919,399,84
351,1602,598,399
352,2628,490,267
353,6835,1938,451
354,7271,2356,1094
355,4374,1192,257
356,1101,310,61
357,5595,1386,347
358,1115,226,65
359,4406,2852,261
360,7638,3267,1211
361,1831,378,86
362,11803,4121,569
363,1882,1198,75
364,104,109,16
365,8525,1539,701
366,6533,1627,2339
367,9951,2411,591
368,7855,1464,526
369,6999,1866,535
370,7237,1053,598
371,2081,340,228
372,5885,1537,215
373,4571,1208,866
374,97,56,45
375,7299,1340,300
376,4606,1511,890
377,8442,1933,448
378,2171,227,140
379,10519,3228,632
380,5788,3431,1068
381,669,190,18
382,433,321,70
383,3081,853,303
384,5143,4153,359
385,5300,4134,205
386,2525,1388,322
387,13261,3922,787
388,3467,877,87
389,12700,3436,563
390,4701,790,291
391,2180,1031,552
392,2322,574,266
393,4139,1439,335
394,4930,1592,484
395,8101,2198,1676
396,1747,83,189
397,12307,1771,650
398,1119,3768,40
399,840,215,498
400,3170,416,208
401,5321,3473,517
402,5,1669,1
403,4377,2840,168
404,3701,920,281
405,915,209,144
406,8781,1433,514
407,4228,1486,565
408,5003,1637,802
409,3707,972,139
410,6750,4106,238
411,2860,1067,379
412,8571,2776,558
413,7909,3959,320
414,1494,1138,97
415,4284,975,79
416,6387,9120,354
417,20119,3159,858
418,6719,1343,703
419,5460,4533,781
420,10357,3161,733
421,17182,10755,491
422,4598,180,70
423,3742,8296,660
424,709,383,209
425,6516,1944,304
426,13638,1035,133
427,7864,564,1670
428,4496,966,433
429,8029,10064,255
430,21424,3417,298
431,3626,331,159
432,4326,1749,3273
433,10134,2299,321
434,11868,2407,265
435,489,1414,12
436,1015,66,21
437,696,7357,12
438,3491,4337,212
439,14647,684,587
440,6342,324,638
441,4594,1042,137
442,6473,12795,188
443,21769,4671,522
444,6143,1176,998
445,6217,5015,583
446,9756,1895,1065
447,5619,1913,332
448,8911,4304,411
449,15862,7718,439
450,5069,179,51
451,4312,6491,831
452,4968,5811,165
453,14526,823,439
454,7251,1055,67
455,6188,2202,309
456,4564,9156,450
457,13720,1901,660
458,69,225,47
459,4107,537,228
460,1817,3267,104
461,10345,3098,2438
462,10654,2162,390
463,1158,102,12
464,5611,6906,708
465,5237,3750,357
466,14704,972,278
467,6397,623,452
468,4888,1674,336
469,354,456,123
470,11067,9648,396
471,21232,6494,500
472,5555,1005,913
473,7132,4516,1473
474,6375,5367,191
475,15920,10783,293
476,5170,245,91
477,3027,6849,434
478,5627,3752,176
479,10265,1353,412
480,4889,3095,918
481,4341,599,60
482,6189,2046,30
483,4866,11714,370
484,12809,2401,291
485,4438,866,257
486,2021,3572,34
487,9758,3475,541
488,17534,7120,882
489,3410,219,26
490,4170,6969,307
491,3539,1311,214
492,4531,4537,121
493,14131,1778,190
494,7591,356,1526
495,3997,1831,192
496,9473,7192,343
497,20124,5370,319
498,6001,932,621
499,8083,3137,1731
500,7928,3688,948
501,17266,6749,172
502,4910,2533,408
503,4712,288,36
504,3080,4016,1983
505,4760,4692,322
506,10372,1311,570
507,4038,536,119
508,6307,2157,485
509,5441,7843,219
510,12533,1521,258
511,6338,1513,422
512,7261,4151,1583
513,7986,1018,577
514,8753,3465,892
515,16890,11167,245
516,3681,242,10
517,4278,8379,260
518,7277,3018,283
519,14298,766,271
520,7800,352,1721
521,4603,991,151
522,7541,10607,183
523,20320,6937,563
524,128,1346,160
525,5893,1133,106
526,4890,4571,730
527,10079,2080,744
528,13339,2876,499
529,1376,58,14
530,33,8030,0
531,3722,4291,345
532,9942,857,552
533,4724,406,208
534,4294,1115,69
535,448,177,40
536,6423,9146,318
537,20198,3408,779
538,6863,1287,559
539,5588,4439,653
540,10367,3131,723
541,17218,10694,455
542,4567,171,101
543,3804,8719,598
544,6505,1836,315
545,13619,975,152
546,8835,1855,636
547,7994,572,1540
548,4415,1108,514
549,8032,10221,252
550,21456,3500,266
551,3669,356,116
552,3993,1883,3606
553,10164,2395,291
554,11872,2574,261
555,1010,65,26
556,698,7183,10
557,4382,1605,193
558,6645,2672,957
559,3475,4416,228
560,14656,607,578
561,6364,317,616
562,4534,1043,197
563,6504,12884,157
564,21906,5009,385
565,6332,1151,809
566,6186,4603,614
567,8900,3982,422
568,15873,6971,428
569,2078,2042,86
570,5085,187,35
571,4344,6320,799
572,4980,5974,153
573,14498,851,467
574,7251,948,67
575,6175,2213,322
576,4617,8665,397
577,13896,2084,484
578,4126,572,209
579,1811,3484,110
580,38,261,10
581,10252,2907,2531
582,10689,1975,355
583,1157,87,13
584,5605,7561,714
585,5237,3101,357
586,14705,1029,277
587,6441,597,408
588,4897,1500,327
589,11103,9803,360
590,21149,6727,583
591,8007,2871,771
592,5693,1048,775
593,7142,4525,1463
594,6375,5340,191
595,15910,11163,303
596,5196,254,65
597,3051,6473,410
598,5591,3792,212
599,10271,1333,406
600,4345,552,56
601,6185,1690,34
602,3526,1237,289
603,4853,11615,383
604,12856,2414,244
605,4377,916,318
606,1996,3140,59
607,2746,231,3880
608,1665,977,1925
609,89,6,87
610,8057,350,3380
611,509,296,952
612,383,10,574
613,21,58,1
614,3622,656,3986
615,7003,1529,1292
616,8746,8884,145
617,18218,9303,884
618,17881,5077,1151
619,3180,297,391
620,8472,8330,364
621,7838,10600,553
622,15760,4348,297
623,6179,610,1456
624,2242,2902,1396
625,2593,2296,265
626,8579,6310,946
627,16600,4363,962
628,7769,1536,501
629,11570,6655,581
630,4742,643,4960
631,202,27,111
632,2460,232,2136
633,1572,808,2626
634,46,3,37
635,8354,2925,462
636,7224,533,2330
637,128,576,788
638,6364,10704,109
639,11910,14522,789
640,13427,4961,436
641,7217,567,1351
642,3337,3687,62
643,8483,6757,828
644,14293,4051,822
645,6840,1848,180
646,952,434,196
647,11006,6664,213
648,14170,7610,1039
649,18953,7124,1776
650,2938,406,26
651,6691,9571,673
652,8109,12874,571
653,481,202,425
654,1588,54,3639
655,4722,802,5355
656,140,29,52
657,832,177,155
658,3390,247,2249
659,1112,1151,1581
660,3291,3912,92
661,10324,7518,973
662,17308,6467,652
663,7130,1215,641
664,11354,7090,445
665,15702,6179,655
666,16112,4492,970
667,2107,672,10
668,10339,5536,1241
669,8117,3001,452
670,6744,9555,402
671,8070,6961,425
672,15045,4161,274
673,6930,382,808
674,2380,2651,69
675,7869,7170,632
676,16288,5894,766
677,313,0,1206
678,5092,496,4639
679,515,98,3439
680,1045,524,219
681,1313,100,2166
682,4355,778,5213
683,55,0,111
684,16881,9605,664
685,18928,4915,1171
686,3192,137,245
687,9138,7894,330
688,11823,13584,873
689,16804,5179,2211
690,5622,828,1144
691,106,416,5
692,2699,3073,193
693,8566,6078,844
694,15331,3675,883
695,7683,1803,210
696,10145,10008,719
697,14295,8934,1107
698,16403,7150,1046
699,3571,259,67
700,9462,398,4062
701,549,315,906
702,6987,2111,443
703,192,1,1548
704,4804,381,4158
705,595,59,1544
706,1063,64,2795
707,12152,5517,305
708,7732,340,900
709,4254,3445,80
710,10685,7591,1260
711,17376,7102,710
712,7381,1379,724
713,304,109,3
714,11776,5803,470
715,15029,7234,1516
716,19213,4628,1850
717,2416,507,193
718,5575,13133,604
719,8969,13903,649
720,13364,4601,48
721,7255,384,1059
722,2713,226,3913
723,1605,1043,1985
724,10804,1719,155
725,105,7,71
726,7992,350,3445
727,509,306,952
728,390,8,567
729,3633,623,3975
730,7412,1564,883
731,8743,9274,148
732,18226,8876,876
733,17852,4664,1180
734,3202,498,369
735,4347,2995,365
736,8485,9317,351
737,7822,10347,569
738,15761,3566,296
739,6354,424,1281
740,2563,1983,295
741,8582,6797,943
742,16469,4271,1093
743,7745,1444,525
744,11593,7139,558
745,4940,643,4762
746,1690,1980,92
747,234,32,79
748,2407,245,2189
749,1588,798,2610
750,52,3,31
751,7119,540,2435
752,137,626,779
753,6350,11121,123
754,11977,13884,722
755,13382,5232,481
756,7270,907,1298
757,58,159,6
758,3318,4128,81
759,8456,6646,855
760,14364,3949,751
761,6795,1754,225
762,10912,7058,307
763,14227,8240,982
764,19124,7014,1605
765,2921,561,43
766,6766,8997,598
767,8120,12103,560
768,8065,2943,482
769,514,204,392
770,1499,54,3728
771,4895,798,5182
772,140,28,52
773,3312,257,2327
774,1158,1160,1535
775,3310,3505,73
776,10388,7575,909
777,17376,6500,584
778,7253,982,518
779,8959,1222,469
780,7078,587,467
781,11383,6909,416
782,15710,6537,647
783,16100,4155,982
784,2104,795,13
785,6613,8612,533
786,8076,6972,419
787,15034,4728,285
788,7025,404,713
789,2399,2563,50
790,7868,7516,633
791,208,227,70
792,16385,6014,669
793,2925,1128,104
794,9625,16787,468
795,17723,5332,763
796,7319,2218,945
797,11283,1871,2775
798,10618,3267,550
799,14285,10622,1153
800,2736,241,33
801,5428,5815,679
802,3902,1425,189
803,6468,5022,213
804,10185,1226,2315
805,8344,330,658
806,3777,1166,230
807,6576,15169,94
808,18700,4005,273
809,5201,902,1887
810,7384,5743,748
811,9240,3745,283
812,17686,8785,853
813,8907,3868,1496
814,4015,111,87
815,5046,6138,325
816,5016,4245,155
817,11555,2337,1040
818,6352,227,1036
819,3334,1210,546
820,9528,18969,301
821,17139,5902,827
822,7650,1827,750
823,10660,3256,1081
824,3964,1305,977
825,10797,3712,670
826,14510,8766,855
827,2789,128,136
828,4971,5059,457
829,5483,5555,278
830,11235,350,1600
831,6938,341,946
832,4194,1060,230
833,7752,11095,365
834,18458,3977,246
835,97,176,233
836,5707,1723,347
837,5170,7264,697
838,9268,3772,305
839,17305,7053,471
840,3692,146,63
841,5487,6039,1359
842,6815,6206,512
843,11748,3604,1176
844,6197,291,917
845,3249,651,81
846,1001,289,3
847,8716,14664,497
848,18681,4186,1249
849,6180,1847,492
850,10150,4233,828
851,12775,2341,333
852,16100,7381,630
853,3692,202,58
854,4741,4928,472
855,5189,6015,298
856,11912,442,611
857,6581,1944,489
858,7483,470,1038
859,3865,1523,196
860,6886,12128,130
861,19096,4990,519
862,4862,1586,281
863,7208,4881,641
864,12385,4426,508
865,16146,11383,574
866,2429,155,35
867,5566,2927,1971
868,6142,2363,550
869,7701,6108,393
870,11708,1254,565
871,6564,619,145
872,4030,766,163
873,7801,17984,188
874,19129,4854,1012
875,6132,1484,535
876,7251,5397,477
877,12373,3483,379
878,15103,6295,423
879,3257,1750,238
880,3363,222,46
881,5114,4920,662
882,6194,5346,234
883,12818,357,800
884,7727,180,679
885,4702,1333,267
886,6141,11831,148
887,19871,4917,487
888,7078,2117,479
889,10418,3929,1739
890,951,1227,0
891,8383,2723,371
892,10185,4649,493
893,13495,10555,475
894,2459,136,60
895,5629,4940,727
896,7405,3704,529
897,10787,1436,1136
898,7359,238,412
899,4480,805,313
900,6880,16759,169
901,20119,3947,591
902,986,813,259
903,4476,1417,1000
904,7521,3933,630
905,11083,4142,269
906,16245,7462,434
907,3903,301,76
908,2579,7910,460
909,5097,6672,180
910,14390,660,890
911,6643,301,651
912,2919,1265,110
913,947,257,358
914,9630,17069,463
915,17831,5183,655
916,7381,2245,883
917,10991,1637,3067
918,10631,3171,537
919,14232,10485,1206
920,2737,252,32
921,5463,6515,644
922,6482,4946,199
923,10218,967,2282
924,8540,2442,471
925,8305,322,697
926,3789,1341,218
927,6572,15655,98
928,18695,4609,278
929,5332,894,1756
930,7368,5919,764
931,9241,3879,282
932,17640,8509,899
933,4012,108,90
934,5045,5618,326
935,925,409,144
936,5019,4275,152
937,11441,2060,1154
938,6535,231,853
939,3342,1246,538
940,9537,18012,292
941,17304,6191,662
942,7671,1726,729
943,10668,2825,1073
944,10751,3870,716
945,14602,9123,763
946,12049,2660,349
947,2858,128,67
948,5041,4974,387
949,5500,6067,261
950,11294,402,1541
951,6958,336,926
952,4105,1156,319
953,7724,10443,393
954,18447,3959,257
955,5620,1618,434
956,5221,7580,646
957,5681,919,336
958,9169,3548,404
959,17255,6912,521
960,3699,141,56
961,5503,5330,1343
962,6836,6341,491
963,11298,2897,1626
964,6371,289,743
965,3255,640,75
966,8697,15434,516
967,18707,3924,1223
968,37,146,1
969,6292,1853,380
970,10084,4126,894
971,12782,2636,326
972,16094,7443,636
973,3702,211,48
974,4676,4523,537
975,5194,5364,293
976,11891,386,632
977,7409,491,1112
978,3907,1327,154
979,2942,1647,292
980,6882,12535,134
981,19197,4692,418
982,4912,1568,231
983,7250,4670,599
984,5345,3417,56
985,4759,3162,200
986,11951,3363,232
987,4993,1759,56
988,1678,2962,86
989,7952,3133,379
990,5909,2786,357
991,7697,1853,140
992,3028,85,40
993,738,4827,28
994,5495,3085,945
995,4068,557,96
996,5054,788,116
997,2179,1006,324
998,2031,4815,154
999,12898,1920,150
1000,8242,1408,1519
1001,0,220,0
1002,8178,1265,499
1003,3407,1163,1737
1004,2063,816,620
1005,3797,729,261
1006,9221,1058,666
1007,7636,2367,768
1008,2260,308,227
1009,1416,6432,33
1010,3560,3672,248
1011,10203,548,185
1012,5826,382,108
1013,785,463,266
1014,3673,4952,95
1015,4267,4064,180
1016,10231,1986,147
1017,3592,1496,100
1018,3120,2635,93
1019,10562,1963,251
1020,9025,1388,236
1021,2025,139,50
1022,2623,7386,810
1023,2740,3907,174
1024,517,293,11
1025,1830,1048,624
1026,5169,323,719
1027,8317,2481,332
1028,2289,1776,300
1029,5080,2100,506
1030,6330,2311,317
1031,4476,1245,545
1032,5087,1533,65
1033,1686,4061,23
1034,8745,3507,280
1035,6917,2227,499
1036,8828,1458,192
1037,2265,36,40
1038,673,6064,131
1039,5747,4316,133
1040,5855,662,51
1041,7107,677,190
1042,1873,1832,80
1043,3238,2189,563
1044,12247,2296,154
1045,3834,523,114
1046,5104,2955,1122
1047,4072,5115,1618
1048,10155,1540,378
1049,3689,1455,1740
1050,5371,1866,467
1051,6517,2903,701
1052,1619,405,216
1053,8304,2428,948
1054,874,704,214
1055,10030,934,117
1056,5146,297,168
1057,2248,798,122
1058,5710,2916,62
1059,4810,3696,309
1060,10900,2198,168
1061,4293,2008,52
1062,1364,3877,163
1063,8338,3094,386
1064,6455,3212,97
1065,3206,129,31
1066,1946,5353,363
1067,3931,2418,213
1068,38,140,8
1069,5235,1341,83
1070,6622,445,230
1071,4882,2029,438
1072,9230,3188,774
1073,2031,1067,262
1074,8567,1651,499
1075,3821,1723,562
1076,3680,6459,758
1077,3201,1394,193
1078,10221,3006,451
1079,9357,2876,576
1080,9930,1964,369
1081,1588,74,37
1082,382,7025,32
1083,5767,2587,386
1084,8316,831,88
1085,6418,582,91
1086,2970,1879,225
1087,3479,3712,140
1088,9668,1962,141
1089,2952,1410,44
1090,2485,1003,156
1091,2376,4081,93
1092,8183,2392,306
1093,5087,1181,197
1094,3009,76,13
1095,8917,1859,1039
1096,4650,3068,565
1097,8081,1514,868
1098,1767,1235,281
1099,1984,593,334
1100,4226,1472,590
1101,137,102,55
1102,5319,3239,82
1103,4686,3261,273
1104,11988,3574,195
1105,4993,1695,56
1106,1662,2947,102
1107,7962,3423,369
1108,7714,1938,123
1109,3021,71,47
1110,740,5096,26
1111,5459,3056,981
1112,11976,5377,337
1113,4339,1418,545
1114,657,1428,660
1115,4091,703,73
1116,5062,827,108
1117,2149,926,354
1118,2060,4456,125
1119,12897,2025,151
1120,8263,1497,1498
1121,3506,1145,1638
1122,2058,941,625
1123,3804,659,254
1124,9283,1200,604
1125,5419,2008,860
1126,7621,2361,783
1127,2227,239,260
1128,1410,6282,39
1129,3569,4018,239
1130,10240,712,148
1131,5835,418,99
1132,3664,4611,104
1133,4283,4296,164
1134,10224,1918,154
1135,3592,1565,100
1136,4128,1638,397
1137,3099,2694,114
1138,10532,2036,281
1139,9065,1330,196
1140,2030,143,45
1141,3050,7379,383
1142,2792,3897,122
1143,1743,1064,711
1144,5146,276,742
1145,8310,2700,339
1146,2241,1637,348
1147,9112,4023,1357
1148,5092,1969,494
1149,6330,2270,317
1150,4449,1034,572
1151,5100,1590,52
1152,1683,3533,26
1153,8734,3291,291
1154,8857,1377,163
1155,2275,41,30
1156,682,5684,122
1157,5720,3937,160
1158,1303,534,186
1159,5836,583,70
1160,7120,601,177
1161,1873,1735,80
1162,3354,2030,447
1163,12221,2358,180
1164,3816,348,132
1165,4304,5092,1386
1166,10155,1426,378
1167,3618,1502,1811
1168,5286,1967,552
1169,797,135,420
1170,6539,3018,679
1171,1627,450,208
1172,8242,2714,1010
1173,883,739,205
1174,691,2254,43
1175,25217,5519,1868
1176,2,0,2
1177,6955,3300,390
1178,5734,8886,80
1179,8070,7228,445
1180,8147,3631,312
1181,5785,3164,251
1182,5678,11977,163
1183,14773,11196,355
1184,19,1021,1
1185,7605,2517,372
1186,4123,9588,558
1187,6621,2804,525
1188,5880,7287,372
1189,6507,3395,240
1190,8389,16979,273
1191,1313,1367,39
1192,12981,5049,1341
1193,225,1718,23
1194,698,2068,36
1195,25478,6138,1607
1196,2,0,2
1197,6981,3569,364
1198,5714,8108,100
1199,8032,7718,483
1200,5821,3175,215
1201,5668,11611,173
1202,305,313,14
1203,14831,11161,297
1204,19,790,1
1205,7624,2330,353
1206,4110,9502,571
1207,6625,2686,521
1208,5926,7390,326
1209,6511,3767,236
1210,8347,16765,315
1211,13090,5434,1232
1212,215,1604,33
1213,9943,2411,577
1214,692,2305,42
1215,25119,5816,1966
1216,2,0,2
1217,6943,3648,402
1218,5707,8078,107
1219,8060,8088,455
1220,5792,3147,244
1221,5662,11252,179
1222,14779,11132,349
1223,19,809,1
1224,7819,1814,326
1225,6178,2780,425
1226,7573,2461,404
1227,4215,9034,466
1228,6678,2718,468
1229,5879,7132,373
1230,6488,3315,259
1231,8311,16495,351
1232,13082,5329,1240
1233,211,1770,37
1234,694,2207,40
1235,24986,5078,2099
1236,2063,489,59
1237,2,0,2
1238,6941,3359,404
1239,5648,8627,166
1240,8049,7878,466
1241,5771,3055,265
1242,5648,12044,193
1243,14756,10865,372
1244,19,895,1
1245,7604,2412,373
1246,4112,9231,569
1247,70,196,25
1248,6653,2714,493
1249,5854,6904,398
1250,6505,3248,242
1251,8354,16359,308
1252,13204,5489,1118
1253,217,1838,31
1254,694,2000,40
1255,25249,5368,1836
1256,4,0,0
1257,6953,3646,392
1258,6650,2502,455
1259,5712,8425,102
1260,8071,7881,444
1261,5775,3040,261
1262,5653,11944,188
1263,14748,11815,380
1264,19,1189,1
1265,7588,2379,389
1266,4134,9888,547
1267,6601,2465,545
1268,5866,7244,386
1269,5481,495,383
1270,6455,3138,292
1271,8328,16580,334
1272,12999,5550,1323
1273,209,1854,39
1274,689,2104,45
1275,25155,5804,1930
1276,4,4,0
1277,6947,4015,398
1278,5725,9340,89
1279,8101,7644,414
1280,125,32,76
1281,5728,3170,308
1282,5656,11510,185
1283,14825,11019,303
1284,20,1044,0
1285,7614,2655,363
1286,4073,10120,608
1287,6616,2807,530
1288,5911,7581,341
1289,6473,3428,274
1290,8384,17245,278
1291,3240,1247,481
1292,13085,5935,1237
1293,230,1918,18
1294,692,2091,42
1295,24932,5269,2153
1296,4,1,0
1297,6884,3503,461
1298,5637,8790,177
1299,8053,8281,462
1300,5839,3148,197
1301,5677,12039,164
1302,9095,3400,1482
1303,14826,11135,302
1304,20,983,0
1305,7614,2359,363
1306,4083,10158,598
1307,6569,2375,577
1308,5833,7570,419
1309,6500,3566,247
1310,8364,17199,298
1311,12944,6042,1378
1312,226,1812,22
1313,2725,975,189
1314,702,1983,32
1315,25241,5626,1844
1316,4,3,0
1317,6908,3338,437
1318,5653,8317,161
1319,8048,7719,467
1320,5794,3182,242
1321,5659,11760,182
1322,14722,11086,406
1323,20,1164,0
1324,687,701,323
1325,7613,2408,364
1326,4143,10237,538
1327,6569,2427,577
1328,5897,7714,355
1329,6465,2793,282
1330,8353,17006,309
1331,13000,5695,1322
1332,213,1809,35
1333,9249,4312,594
1334,1040,614,142
1335,858,636,166
1336,580,498,19
1337,986,557,160
1338,1391,1028,182
1339,156,419,55
1340,6400,2521,395
1341,2235,1190,241
1342,62,164,5
1343,4288,3067,391
1344,1146,756,122
1345,4970,4177,482
1346,558,617,52
1347,4799,2622,258
1348,6400,1827,906
1349,1225,2212,91
1350,6015,1919,762
1351,585,541,243
1352,295,662,24
1353,4938,1651,438
1354,7248,5351,970
1355,4940,1389,448
1356,3857,1826,565
1357,7150,2431,323
1358,38,920,0
1359,2878,1384,253
1360,6410,2481,277
1361,2467,1217,227
1362,32,662,0
1363,7400,1704,561
1364,4668,510,354
1365,107,993,44
1366,4361,681,1197
1367,70,2168,20
1368,5845,1017,539
1369,470,535,76
1370,791,4472,40
1371,4552,1171,255
1372,38,970,50
1373,3530,5105,222
1374,1106,346,2968
1375,4958,6142,5085
1376,642,184,207
1377,521,457,51
1378,3584,1368,381
1379,275,243,60
1380,4942,2388,516
1381,2628,640,255
1382,1848,1205,330
1383,5291,1751,312
1384,4772,516,401
1385,178,344,220
1386,8206,1802,627
1387,0,3,2
1388,9277,1458,665
1389,0,103,94
1390,9130,1830,883
1391,3636,1613,559
1392,13,28,91
1393,8161,4985,373
1394,2296,1650,886
1395,13,51,5
1396,3077,2029,1574
1397,342,116,58
1398,7365,2069,1747
1399,870,2149,100
1400,6565,2108,396
1401,1720,657,123
1402,4309,3028,288
1403,63,337,14
1404,2646,699,533
1405,2021,766,812
1406,4773,1755,333
1407,4492,646,843
1408,4156,1573,403
1409,5879,1346,551
1410,5439,1180,374
1411,4865,1242,369
1412,6009,1436,577
1413,3966,1480,98
1414,2653,1884,894
1415,36,37,177
1416,8443,6039,2961
1417,3632,3431,756
1418,8109,1881,570
1419,920,442,148
1420,8479,2255,398
1421,1209,1005,165
1422,73,155,3
1423,4290,2205,259
1424,81,219,13
1425,997,739,253
1426,8,187,22
1427,3177,834,905
1428,2474,589,282
1429,5771,740,307
1430,4397,1142,373
1431,5807,1283,378
1432,4197,3482,272
1433,5245,1481,257
1434,3091,1187,484
1435,9792,3668,707
1436,7306,1282,616
1437,3144,1785,1111
1438,9238,4333,605
1439,1028,558,154
1440,951,380,195
1441,1387,1051,186
1442,160,657,51
1443,6406,2623,389
1444,2228,1328,248
1445,61,155,6
1446,10124,4607,862
1447,6718,737,539
1448,4274,3062,405
1449,1164,917,104
1450,4981,4143,471
1451,560,638,50
1452,6407,1897,899
1453,1214,2180,102
1454,6007,1896,770
1455,589,536,239
1456,279,656,40
1457,5027,1688,349
1458,49,160,0
1459,7279,5303,939
1460,4930,1306,458
1461,3793,2009,629
1462,7120,2468,353
1463,2911,1649,220
1464,6415,2426,272
1465,2458,1234,236
1466,32,778,0
1467,7402,1561,559
1468,4709,504,313
1469,3781,1538,383
1470,124,1013,27
1471,4635,662,923
1472,70,2250,20
1473,5911,1099,473
1474,789,4580,42
1475,4489,1260,318
1476,42,969,46
1477,3543,5338,209
1478,1139,312,2935
1479,5003,6220,5040
1480,7395,2518,1538
1481,626,177,223
1482,521,432,51
1483,3557,1505,408
1484,286,243,49
1485,2673,700,210
1486,1850,1449,328
1487,5284,1648,319
1488,4747,529,426
1489,176,357,222
1490,8220,1946,613
1491,7112,907,500
1492,0,16,2
1493,9313,1366,629
1494,0,79,94
1495,9112,1797,901
1496,13,33,91
1497,8178,4944,356
1498,2362,1810,820
1499,13,51,5
1500,3213,1999,1438
1501,4696,934,93
1502,230,151,299
1503,6479,14149,271
1504,19450,8822,268
1505,6987,1300,891
1506,5816,5484,738
1507,10012,4557,633
1508,16995,15965,487
1509,4591,150,66
1510,3774,9698,683
1511,7126,4785,182
1512,13937,1894,197
1513,1077,238,103
1514,8283,521,1523
1515,4360,1626,448
1516,8391,18484,338
1517,21639,4497,333
1518,3698,404,194
1519,4580,3497,3200
1520,9929,4224,324
1521,12109,4574,306
1522,829,63,44
1523,533,9490,11
1524,6959,1789,575
1525,3821,7393,255
1526,14477,2031,696
1527,6419,281,731
1528,4594,887,225
1529,6367,19705,282
1530,22913,8739,501
1531,6021,1422,975
1532,5796,6785,625
1533,8951,5200,299
1534,15981,13365,443
1535,5693,3382,1163
1536,5465,163,70
1537,4377,9953,812
1538,5019,9406,171
1539,14632,2437,366
1540,7219,749,129
1541,6367,2886,265
1542,4482,18646,375
1543,13848,2961,842
1544,4234,517,203
1545,1624,4781,227
1546,2185,1050,547
1547,10476,6250,2539
1548,11238,5687,441
1549,1310,125,10
1550,5634,9507,1048
1551,5072,5592,282
1552,15631,2037,289
1553,6383,690,681
1554,4892,2524,326
1555,10252,14879,457
1556,20914,11135,470
1557,7433,2979,471
1558,6,1657,0
1559,5180,1045,972
1560,7676,5487,1252
1561,6413,9124,222
1562,16750,13804,478
1563,4906,229,242
1564,3125,7773,449
1565,6029,5535,226
1566,10480,2418,374
1567,4604,669,70
1568,6281,1671,55
1569,7904,3943,325
1570,4983,20220,291
1571,13216,2968,315
1572,4387,1062,73
1573,2030,5082,47
1574,9620,4504,395
1575,16996,14444,261
1576,3341,177,36
1577,4365,8881,298
1578,4543,9143,321
1579,14305,2040,159
1580,767,388,151
1581,7378,311,1604
1582,4381,2091,223
1583,9999,12699,247
1584,19918,8093,313
1585,5797,913,557
1586,8094,5825,1648
1587,8035,6149,1196
1588,17879,11126,186
1589,4952,313,43
1590,3251,7838,1688
1591,498,1460,3
1592,4738,7077,270
1593,10386,2521,590
1594,4064,598,208
1595,6097,2530,579
1596,6084,19310,261
1597,12933,3068,302
1598,6024,1328,528
1599,7433,5280,1830
1600,8706,4717,588
1601,17255,16203,322
1602,5601,2080,350
1603,3921,366,8
1604,4207,9670,240
1605,6760,7475,417
1606,14098,1126,183
1607,8359,315,1626
1608,5161,1512,158
1609,7988,17863,199
1610,21303,9025,688
1611,5931,932,155
1612,4992,5603,738
1613,80,213,36
1614,9238,4381,819
1615,13779,4967,548
1616,1533,107,16
1617,56,10128,0
1618,3577,7465,371
1619,9436,2943,341
1620,5022,488,193
1621,4668,1096,121
1622,6489,14127,261
1623,19470,9135,248
1624,376,456,101
1625,7060,1368,818
1626,5880,5497,674
1627,10024,4041,621
1628,17074,15760,408
1629,4595,141,62
1630,3804,9834,653
1631,7054,4663,254
1632,13931,1605,203
1633,8316,531,1490
1634,4380,1721,428
1635,4912,3164,895
1636,8376,18678,353
1637,21665,4803,307
1638,3739,497,153
1639,4444,3935,3336
1640,9895,4593,358
1641,12110,4736,305
1642,828,62,45
1643,534,8554,10
1644,3813,7718,263
1645,14590,2288,583
1646,3554,1314,199
1647,6438,282,712
1648,4527,967,292
1649,6386,19274,263
1650,22996,8499,418
1651,6230,1337,766
1652,5673,6296,748
1653,8914,5428,336
1654,16018,12884,406
1655,5476,179,59
1656,4359,9676,830
1657,4894,2062,424
1658,4976,9089,214
1659,14612,2658,386
1660,7214,760,134
1661,6374,2723,258
1662,4532,18488,325
1663,14147,3156,543
1664,4163,545,274
1665,1633,5021,218
1666,10435,6578,2580
1667,11249,5519,430
1668,3283,523,442
1669,8022,1062,541
1670,1307,91,13
1671,5760,9754,922
1672,5047,5070,307
1673,15632,2046,288
1674,6342,674,722
1675,4916,2522,302
1676,10221,15200,488
1677,20842,10834,542
1678,5210,1078,942
1679,7637,5749,1291
1680,127,1278,161
1681,6421,9495,214
1682,16772,13887,456
1683,5032,269,116
1684,3147,7189,427
1685,6025,5292,230
1686,10448,2697,406
1687,4599,642,75
1688,6280,1438,56
1689,4983,20663,291
1690,13224,3039,307
1691,458,186,30
1692,4307,1029,153
1693,2015,4065,62
1694,9431,4517,650
1695,3719,1674,783
1696,7521,2652,361
1697,3274,1860,198
1698,6415,2358,234
1699,2015,1186,219
1700,0,515,0
1701,7943,1975,650
1702,8973,2032,498
1703,5414,573,374
1704,68,1037,28
1705,5176,704,788
1706,62,2326,8
1707,5453,1174,724
1708,771,4697,32
1709,4354,1685,239
1710,107,1280,49
1711,3344,5118,241
1712,1277,653,3076
1713,6615,2836,987
1714,4480,6258,4912
1715,309,528,46
1716,7622,2142,2233
1717,886,2195,147
1718,6637,1978,304
1719,1526,770,91
1720,95,458,12
1721,2651,699,577
1722,1943,848,865
1723,4883,2051,367
1724,2060,2035,104
1725,4898,583,791
1726,4305,1439,418
1727,5893,1268,652
1728,5521,1161,449
1729,4866,1614,260
1730,6405,1552,610
1731,2768,1761,577
1732,31,151,151
1733,8709,6435,2639
1734,3857,3605,673
1735,33,269,15
1736,842,482,187
1737,951,340,174
1738,1604,1230,207
1739,417,833,70
1740,6508,2394,448
1741,2009,1359,251
1742,38,90,9
1743,4640,3192,448
1744,1038,739,149
1745,5254,3338,591
1746,7968,2809,810
1747,478,713,61
1748,6820,1785,1020
1749,1227,1897,135
1750,6234,1920,763
1751,690,710,316
1752,206,687,13
1753,5015,1819,341
1754,7239,5246,906
1755,4832,1927,346
1756,480,439,59
1757,3527,1285,288
1758,3792,1514,790
1759,172,272,40
1760,2412,638,316
1761,1931,1153,296
1762,5579,1798,297
1763,5354,555,459
1764,195,300,180
1765,8391,1691,726
1766,0,3,0
1767,9472,1520,756
1768,21,54,1
1769,0,104,103
1770,9073,1669,853
1771,5,24,72
1772,9172,6328,558
1773,2354,1714,572
1774,26,217,0
1775,3427,2070,1746
1776,8689,1985,799
1777,723,380,182
1778,8137,2117,430
1779,10626,2372,1030
1780,2267,2756,1371
1781,1349,1012,194
1782,60,168,1
1783,4674,2409,246
1784,1005,810,182
1785,46,261,24
1786,3761,849,703
1787,2727,573,371
1788,6167,609,352
1789,4524,1186,422
1790,5789,1663,466
1791,8342,2942,474
1792,3752,3361,249
1793,5415,1883,496
1794,2721,1175,468
1795,7920,1166,762
1796,3435,1513,1166
1797,9438,4396,643
1798,3789,1735,713
1799,7517,2782,365
1800,3268,1626,204
1801,6441,2499,208
1802,944,456,204
1803,1981,1232,253
1804,0,387,0
1805,7917,1862,676
1806,5414,582,374
1807,73,1153,23
1808,5183,677,781
1809,62,2340,8
1810,5560,1077,617
1811,766,5021,37
1812,4309,1457,284
1813,814,185,173
1814,100,1242,56
1815,3345,5274,240
1816,1254,679,3099
1817,4604,6385,4788
1818,309,792,46
1819,7586,2040,2269
1820,894,2314,139
1821,6632,2128,309
1822,1455,744,162
1823,95,497,12
1824,8065,2875,504
1825,2713,612,515
1826,1852,925,956
1827,4896,1816,354
1828,4921,557,768
1829,4294,1372,429
1830,5863,1366,682
1831,5502,1196,468
1832,4850,1705,276
1833,6465,1526,550
1834,2798,1849,547
1835,1048,499,216
1836,27,133,155
1837,8711,6469,2637
1838,3869,3568,661
1839,851,459,178
1840,963,313,162
1841,1595,1025,216
1842,433,912,54
1843,6511,2354,445
1844,1960,1311,300
1845,41,88,6
1846,100,464,11
1847,4604,3311,484
1848,1064,764,123
1849,5287,3868,558
1850,481,754,58
1851,6847,1872,993
1852,1201,2004,161
1853,6308,1880,689
1854,698,862,308
1855,212,711,7
1856,4989,1851,367
1857,6982,2016,448
1858,7246,5086,899
1859,4182,3242,471
1860,3932,1344,140
1861,103,228,24
1862,9844,3062,1106
1863,6855,948,298
1864,2,283,1
1865,4308,1519,358
1866,7956,2859,1200
1867,7581,858,501
1868,307,125,0
1869,187,169,317
1870,1064,306,9
1871,7276,2113,593
1872,5691,2851,1114
1873,2302,1081,713
1874,35,1958,10
1875,7947,3666,428
1876,689,332,176
1877,372,1348,9
1878,6214,2137,355
1879,10783,1689,176
1880,67,544,50
1881,303,388,80
1882,5294,3212,1077
1883,3993,1638,324
1884,5170,2402,506
1885,8296,1223,471
1886,114,1369,218
1887,391,159,44
1888,9819,1969,619
1889,7059,2983,945
1890,4166,1389,397
1891,4373,2812,339
1892,2190,2013,135
1893,42,416,22
1894,8371,2921,861
1895,3681,950,393
1896,18,112,3
1897,2404,3281,1768
1898,8569,3543,444
1899,1054,395,180
1900,973,245,176
1901,8985,3252,469
1902,1697,2059,85
1903,1145,692,181
1904,87,464,9
1905,6700,1595,560
1906,504,160,13
1907,10777,2261,232
1908,5199,3330,471
1909,1714,2188,109
1910,41,130,5
1911,8547,2685,591
1912,6537,836,525
1913,59,146,5
1914,299,251,123
1915,4577,1635,280
1916,8992,3998,1397
1917,4422,1090,1014
1918,135,312,219
1919,800,398,2
1920,6538,2148,407
1921,6870,2443,695
1922,3486,1732,331
1923,7855,3233,336
1924,8041,2789,506
1925,1092,871,211
1926,1071,243,462
1927,8556,2240,633
1928,1038,285,162
1929,12022,2948,440
1930,5690,1113,355
1931,26,113,4
1932,2964,1729,382
1933,6315,2702,334
1934,7515,1605,603
1935,7099,558,446
1936,743,468,345
1937,510,327,16
1938,6681,1887,529
1939,5252,4178,1189
1940,2394,725,182
1941,32,222,1
1942,9252,3473,612
1943,2609,1063,245
1944,140,151,30
1945,615,1316,485
1946,205,239,73
1947,5208,1382,1065
1948,3963,1623,532
1949,9780,4899,623
1950,1515,407,268
1951,922,854,380
1952,8300,3844,320
1953,1294,1407,19
1954,264,304,7
1955,9928,2180,773
1956,6414,3003,424
1957,3863,1436,228
1958,2120,375,65
1959,67,187,30
1960,6596,2422,600
1961,5944,483,433
1962,120,51,30
1963,3175,1236,862
1964,9813,3714,1298
1965,2806,1038,279
1966,781,812,434
1967,421,491,2
1968,8722,3485,1681
1969,5113,2476,292
1970,28,905,0
1971,485,536,53
1972,5306,2173,593
1973,3697,2324,561
1974,4174,3304,479
1975,3936,1435,136
1976,101,222,26
1977,9817,3192,1133
1978,6824,1012,329
1979,3937,1276,1004
1980,2,293,1
1981,4232,1550,434
1982,8103,2887,1053
1983,7561,792,521
1984,179,168,325
1985,1043,264,30
1986,7196,2017,673
1987,5654,2858,1151
1988,2262,992,753
1989,34,2040,11
1990,90,182,240
1991,7966,3528,409
1992,722,313,143
1993,371,1429,10
1994,6172,2322,397
1995,71,524,46
1996,306,364,77
1997,5336,3220,1035
1998,4041,1615,276
1999,5154,2270,522
2000,8332,1178,435
2001,11050,5246,226
2002,963,333,41
2003,117,1318,215
2004,399,241,36
2005,9921,2074,517
2006,7036,2921,968
2007,2188,1772,137
2008,40,437,24
2009,8385,2790,847
2010,3635,954,439
2011,18,116,3
2012,2442,3271,1730
2013,6591,1964,479
2014,8558,3647,455
2015,1046,414,188
2016,939,180,210
2017,8894,3010,560
2018,1126,570,200
2019,92,576,4
2020,6631,1557,629
2021,506,160,11
2022,10776,2028,233
2023,5206,3203,464
2024,6176,2378,516
2025,1724,2154,99
2026,42,125,4
2027,8516,2845,622
2028,6545,632,517
2029,284,259,138
2030,4474,1597,383
2031,8839,3776,1550
2032,4407,1070,1029
2033,121,270,233
2034,801,373,1
2035,3226,1575,269
2036,6530,2269,415
2037,6877,2156,688
2038,3460,1570,357
2039,7773,3171,418
2040,1108,818,195
2041,1094,273,439
2042,8481,2035,708
2043,1049,314,151
2044,9393,2318,519
2045,853,978,0
2046,8355,2582,399
2047,11649,6278,270
2048,17384,3521,533
2049,8283,1703,514
2050,339,1671,39
2051,10247,7333,752
2052,8163,1953,436
2053,0,0,2
2054,8239,3563,284
2055,3613,563,473
2056,11015,2821,1261
2057,1022,815,223
2058,4036,2548,350
2059,10893,6616,327
2060,8349,2511,298
2061,12978,3372,1131
2062,8732,2977,365
2063,0,1722,0
2064,5473,10829,356
2065,15288,3134,668
2066,17057,2129,1045
2067,0,217,0
2068,934,302,371
2069,3909,2414,67
2070,8170,1419,1265
2071,4159,2035,436
2072,8759,1369,893
2073,1360,945,142
2074,3720,632,83
2075,9065,2272,817
2076,4646,1551,434
2077,10515,6737,553
2078,12023,5166,1427
2079,8482,2328,529
2080,17561,3097,625
2081,0,257,0
2082,4273,1794,172
2083,9361,6871,715
2084,8892,2421,725
2085,2125,797,80
2086,14499,1775,2027
2087,2408,1190,70
2088,10030,3247,1229
2089,13253,2758,1568
2090,919,398,150
2091,7980,1915,469
2092,813,686,198
2093,3222,380,1019
2094,10204,2593,879
2095,4477,2357,202
2096,10237,7117,1057
2097,9748,1664,517
2098,840,1327,11
2099,0,157,0
2100,4019,1866,542
2101,1208,1556,483
2102,7710,2047,331
2103,865,1182,133
2104,11114,6925,648
2105,1285,709,195
2106,13435,3367,637
2107,9087,1418,386
2108,12720,2911,673
2109,8641,2067,576
2110,805,969,152
2111,4047,664,737
2112,8120,1810,256
2113,4152,727,9
2114,0,247,0
2115,4830,2528,151
2116,8460,2289,375
2117,9787,1241,766
2118,1815,794,10
2119,15514,2428,1182
2120,13777,3689,543
2121,0,143,0
2122,13887,3153,979
2123,0,184,0
2124,17296,1238,1025
2125,4019,1431,508
2126,11201,8910,619
2127,9030,1558,557
2128,13047,3715,1282
2129,8111,2481,477
2130,9364,2284,548
2131,853,967,0
2132,11640,6860,279
2133,17348,4026,569
2134,8273,1716,524
2135,1936,2759,7
2136,345,1659,33
2137,10354,7323,645
2138,8223,2037,376
2139,0,0,2
2140,8197,3552,326
2141,3558,485,528
2142,11003,3035,1273
2143,4060,2368,326
2144,10906,6690,314
2145,8375,2233,272
2146,18781,1280,844
2147,12852,2750,1257
2148,8760,3240,337
2149,0,1577,0
2150,5445,10928,384
2151,15471,3015,485
2152,17153,2164,949
2153,0,190,0
2154,3919,3049,57
2155,8117,1189,1318
2156,4157,2166,438
2157,9595,1148,3880
2158,8788,1202,864
2159,1360,946,142
2160,3680,532,123
2161,9051,2516,831
2162,4671,1628,409
2163,10458,6895,610
2164,12257,5153,1193
2165,17588,3304,598
2166,0,226,0
2167,4292,1716,153
2168,8933,1375,1088
2169,9447,7096,629
2170,8840,2339,777
2171,2124,725,81
2172,14622,1825,1904
2173,2424,1117,54
2174,10026,3334,1233
2175,13162,2859,1659
2176,7956,1796,493
2177,802,653,209
2178,3080,371,1161
2179,4432,3230,319
2180,10195,2672,888
2181,4478,2361,201
2182,2953,1391,83
2183,8980,10672,388
2184,17774,3317,567
2185,7641,2049,721
2186,11026,1720,2631
2187,10666,2774,530
2188,14151,5740,298
2189,2820,237,23
2190,7035,1571,497
2191,5378,4354,509
2192,6192,3946,232
2193,10492,163,2450
2194,7408,273,745
2195,4172,1041,165
2196,6282,10094,137
2197,19431,2475,268
2198,5826,1074,1213
2199,7597,4118,499
2200,9116,2753,450
2201,4700,2605,398
2202,17081,6114,527
2203,3957,121,86
2204,5453,4138,302
2205,5135,2817,169
2206,12343,1287,1219
2207,6222,236,714
2208,3636,1134,422
2209,9110,13137,271
2210,16751,2952,1423
2211,7272,1759,717
2212,13180,7021,690
2213,10125,2857,1332
2214,10848,2381,706
2215,14690,5498,935
2216,2983,139,31
2217,5206,4934,346
2218,5535,4259,261
2219,11350,244,1454
2220,6985,327,1090
2221,4169,944,193
2222,7282,6965,320
2223,17892,2023,705
2224,12769,2666,1505
2225,539,1161,299
2226,18686,2117,303
2227,5549,1605,292
2228,4731,6755,613
2229,9161,3091,255
2230,17453,4285,446
2231,3591,143,37
2232,5209,4125,1192
2233,6718,3417,392
2234,12329,987,1352
2235,6085,355,906
2236,20,46,0
2237,3249,534,86
2238,9154,10560,391
2239,18066,2096,1508
2240,6398,1970,307
2241,9794,3719,645
2242,12233,1952,350
2243,15282,5264,829
2244,3264,190,47
2245,5187,3442,381
2246,5275,2661,357
2247,6148,2771,660
2248,11926,297,626
2249,7799,340,673
2250,4088,1585,150
2251,6723,10700,66
2252,19764,2918,472
2253,5213,1427,205
2254,7627,3671,685
2255,12121,3297,544
2256,16606,7600,423
2257,2291,148,64
2258,124,12,15
2259,5618,2501,1579
2260,7740,4145,319
2261,11607,941,635
2262,6652,740,141
2263,3943,817,86
2264,7866,13606,190
2265,18535,2718,1717
2266,5944,1325,446
2267,7568,5452,324
2268,12229,2525,454
2269,5452,2220,235
2270,15786,4011,472
2271,3445,207,53
2272,5305,4139,423
2273,5334,2816,228
2274,12119,245,1288
2275,7934,179,726
2276,4588,1002,270
2277,6194,9042,199
2278,19904,2546,578
2279,6992,2151,436
2280,125,27,31
2281,10385,3122,1615
2282,10570,4153,641
2283,13860,6369,509
2284,2429,173,106
2285,5302,3662,715
2286,7502,2708,475
2287,10743,201,1442
2288,7597,288,196
2289,4495,659,192
2290,6828,12590,140
2291,9019,1181,1655
2292,19673,2499,889
2293,5460,1416,731
2294,7726,3310,583
2295,11403,2501,264
2296,16059,5334,445
2297,3675,256,40
2298,2399,6678,419
2299,5066,5054,165
2300,14065,361,885
2301,6565,324,675
2302,13110,3874,3090
2303,2971,1117,65
2304,8982,11602,386
2305,17781,2761,560
2306,7653,2074,709
2307,10893,1657,2764
2308,10675,2773,521
2309,14111,5824,338
2310,2822,225,21
2311,5413,4816,474
2312,6194,4178,230
2313,11,61,7
2314,10491,152,2451
2315,7441,246,712
2316,4173,1166,164
2317,6290,10886,129
2318,19377,2798,322
2319,5992,1097,1047
2320,7525,3998,571
2321,9155,2708,411
2322,16954,6078,654
2323,3954,108,89
2324,8781,1451,3873
2325,5411,4177,344
2326,5134,3224,170
2327,12395,1236,1167
2328,6299,244,637
2329,3638,1217,420
2330,9131,12818,250
2331,17161,3167,1013
2332,7275,1763,714
2333,10229,2497,1228
2334,10800,2273,754
2335,8274,2798,446
2336,9895,1633,3164
2337,14713,5626,912
2338,2971,131,43
2339,5261,4642,291
2340,5523,4087,273
2341,11287,244,1517
2342,7056,317,1019
2343,4192,1271,170
2344,7271,6534,331
2345,18742,2232,247
2346,5389,1691,452
2347,5949,2573,671
2348,4790,6953,554
2349,9116,3045,300
2350,17425,4206,474
2351,3564,144,64
2352,5207,3791,1194
2353,6703,3479,407
2354,12327,745,1354
2355,6145,356,846
2356,3230,521,105
2357,9139,10706,406
2358,12102,8874,840
2359,18192,2190,1382
2360,6425,1885,280
2361,9722,3631,717
2362,12249,2114,334
2363,15278,5508,833
2364,3284,200,27
2365,5188,3299,380
2366,5267,2417,365
2367,11981,315,571
2368,7872,414,600
2369,1039,1031,218
2370,4139,1414,99
2371,6711,10545,78
2372,19805,2737,431
2373,5218,1548,200
2374,7681,3648,631
2375,11053,9731,535
2376,1010,1379,193
2377,101,79,27
2378,9476,384,2611
2379,5018,383,460
2380,8704,10207,536
2381,0,1150,0
2382,5035,527,96
2383,12494,6232,760
2384,2666,3662,141
2385,8897,4583,1053
2386,4892,2559,585
2387,10305,1200,3095
2388,7227,3062,824
2389,11839,10113,1333
2390,941,945,704
2391,233,493,4
2392,5676,10130,374
2393,7920,1924,2183
2394,41,95,0
2395,8721,1101,1106
2396,5031,208,550
2397,18682,936,3171
2398,10557,1543,833
2399,38,47,0
2400,11221,1174,2470
2401,60,296,23
2402,8321,2682,509
2403,14936,2127,771
2404,8694,1368,2612
2405,1184,1115,303
2406,13646,8401,883
2407,1207,2005,450
2408,308,629,4
2409,8827,1374,498
2410,3228,1533,294
2411,18288,910,5694
2412,1299,4032,87
2413,19621,1884,1308
2414,17625,1505,1255
2415,10727,1567,743
2416,6936,1208,833
2417,4776,3794,203
2418,7428,1000,1185
2419,6987,2516,256
2420,6872,1357,271
2421,5266,3104,152
2422,11214,7969,218
2423,9158,718,1685
2424,601,564,30
2425,0,198,0
2426,9290,685,1844
2427,3512,1408,148
2428,18787,981,1847
2429,8946,1703,1075
2430,8,9,1
2431,9443,2470,521
2432,7495,1319,660
2433,5770,2444,400
2434,10797,10928,292
2435,384,1521,216
2436,3919,1872,94
2437,17732,5154,1241
2438,242,1163,13
2439,10021,10092,570
2440,1141,1463,550
2441,4149,555,12
2442,17445,1308,876
2443,1935,2801,8
2444,18863,1207,762
2445,9675,1176,3800
2446,8954,1823,1067
2447,8002,1242,1091
2448,4366,3411,385
2449,6998,1503,534
2450,4668,2620,430
2451,13090,7766,780
2452,514,1123,324
2453,20,84,0
2454,6173,2934,635
2455,127,15,12
2456,5496,2436,191
2457,114,24,42
2458,1124,159,371
2459,8787,1427,1887
2460,13089,3781,3111
2461,13,62,5
2462,8887,1425,3767
2463,10139,1671,2920
2464,5968,2763,652
2465,11888,8652,1054
2466,996,1251,261
2467,10847,9175,741
2468,1001,1453,202
2469,8081,1347,596
2470,12879,2382,711
2471,100,91,28
2472,9498,411,2589
2473,5018,328,460
2474,8747,10333,493
2475,5079,509,52
2476,12548,6477,706
2477,2708,3587,99
2478,8711,4902,1239
2479,4945,2372,532
2480,10438,1152,2962
2481,9134,1130,393
2482,7237,3152,814
2483,11560,9748,1612
2484,1043,949,602
2485,231,444,6
2486,8073,1867,2030
2487,41,112,0
2488,8853,1109,974
2489,5033,175,548
2490,18679,1030,3174
2491,10511,1544,879
2492,13122,2682,742
2493,38,50,0
2494,11425,1256,2266
2495,60,302,23
2496,8357,3270,473
2497,2897,198,3491
2498,1481,975,2009
2499,143,17,17
2500,8262,434,3221
2501,525,277,973
2502,340,14,627
2503,7932,1365,655
2504,3544,745,4005
2505,6766,1067,951
2506,8644,7212,144
2507,17618,6262,1104
2508,17555,3342,1248
2509,2927,180,348
2510,8269,4337,322
2511,8218,5734,412
2512,15868,1613,311
2513,6013,283,1278
2514,777,509,218
2515,2460,1918,225
2516,8567,5135,605
2517,15560,2218,1225
2518,7965,1588,425
2519,11336,5001,548
2520,4650,802,4705
2521,205,35,18
2522,2627,224,2275
2523,1374,786,2708
2524,3,2,4
2525,3697,365,805
2526,7711,517,2325
2527,243,589,504
2528,6015,8311,119
2529,11067,10983,682
2530,14293,1950,465
2531,7180,605,1200
2532,3329,2540,75
2533,8736,5114,705
2534,15273,2047,853
2535,7283,1417,212
2536,0,163,0
2537,10839,5447,599
2538,14225,3823,1098
2539,17235,5068,1784
2540,2739,173,40
2541,6631,6237,558
2542,8203,4267,772
2543,595,256,400
2544,1727,65,3632
2545,4556,819,5313
2546,72,24,41
2547,3981,1547,137
2548,3451,246,2332
2549,1129,1170,1341
2550,3482,2198,130
2551,10052,6435,1021
2552,16991,3674,739
2553,7885,736,466
2554,11390,5323,471
2555,16191,3415,804
2556,16422,2993,1101
2557,2137,274,2
2558,8193,2013,354
2559,6413,7176,820
2560,7733,3707,424
2561,15027,1822,312
2562,6932,214,705
2563,2591,1890,45
2564,7515,5441,950
2565,16341,2748,1068
2566,308,1,1471
2567,5071,525,4519
2568,535,125,3192
2569,8990,862,921
2570,1497,99,2201
2571,4397,778,4687
2572,22,4,99
2573,17351,6046,695
2574,18137,4031,1183
2575,2857,129,396
2576,8838,5773,359
2577,11255,8606,832
2578,16585,1695,1739
2579,6036,522,881
2580,312,1231,32
2581,1534,844,2
2582,2653,2135,297
2583,8263,4767,988
2584,14956,1857,802
2585,7324,1511,259
2586,9771,8540,706
2587,13960,5958,1059
2588,16404,5836,1341
2589,3363,182,49
2590,9310,389,3830
2591,485,317,855
2592,15731,1874,1439
2593,323,1,1547
2594,4869,353,3847
2595,645,83,1569
2596,1141,53,2912
2597,13067,1442,349
2598,7045,418,1082
2599,4230,2188,147
2600,9986,5992,964
2601,17090,3343,780
2602,7358,1204,616
2603,14457,3410,717
2604,11385,4406,479
2605,15392,4507,1572
2606,18910,2936,1781
2607,2393,157,142
2608,5605,11089,561
2609,8246,10090,417
2610,13336,2612,54
2611,7522,279,655
2612,2814,193,3574
2613,1445,991,2045
2614,0,168,0
2615,146,18,14
2616,8246,456,3237
2617,532,298,966
2618,314,3,653
2619,3568,742,3981
2620,6990,1078,727
2621,8642,7309,146
2622,17655,5989,1067
2623,17466,3256,1337
2624,2939,188,336
2625,3867,1202,642
2626,8297,4550,294
2627,8315,5584,315
2628,15875,1487,304
2629,6211,292,1080
2630,2428,1507,257
2631,8542,5221,630
2632,15511,2381,1274
2633,7993,1564,397
2634,11350,5357,534
2635,4810,764,4545
2636,8703,1167,974
2637,215,38,8
2638,2558,247,2344
2639,1350,793,2732
2640,4,3,3
2641,7610,545,2426
2642,247,630,500
2643,6013,8711,121
2644,11037,10555,712
2645,14282,2029,476
2646,7293,697,1087
2647,973,443,314
2648,3323,2618,81
2649,8628,4839,813
2650,15341,2409,785
2651,7272,1307,223
2652,10882,5291,556
2653,14191,4136,1132
2654,17389,5525,1630
2655,2703,151,76
2656,6694,6325,495
2657,8078,4495,897
2658,3412,495,303
2659,611,263,384
2660,1576,64,3783
2661,4765,833,5104
2662,74,25,39
2663,3337,267,2446
2664,1192,1254,1278
2665,3500,1969,112
2666,10039,6306,1034
2667,17079,3608,651
2668,7968,745,383
2669,9274,1723,1020
2670,11431,5057,430
2671,16170,3566,825
2672,16455,2893,1068
2673,2134,288,5
2674,6421,7005,812
2675,7721,3783,436
2676,15075,1805,264
2677,7063,209,574
2678,2628,1803,8
2679,7503,5314,962
2680,4460,1527,430
2681,16606,2723,803
2682,482,1996,44
2683,23129,2155,3480
2684,518,1598,34
2685,13307,10960,352
2686,278,1167,52
2687,11860,13200,377
2688,11324,5196,265
2689,3836,3179,57
2690,144,199,1
2691,8845,5633,1456
2692,10813,5642,355
2693,4840,2946,92
2694,12872,3933,1558
2695,58,637,1
2696,12119,3183,638
2697,27,771,2
2698,12088,5391,1758
2699,2,991,0
2700,12535,2632,1896
2701,122,941,18
2702,7463,927,2356
2703,12294,5096,1263
2704,95,872,11
2705,6443,2391,308
2706,43,27,6
2707,7110,1975,470
2708,3323,2779,65
2709,117,197,12
2710,10514,2080,624
2711,196,655,0
2712,9940,3644,1554
2713,20,204,7
2714,17725,2713,734
2715,5365,1647,482
2716,40,134,4
2717,6022,974,376
2718,198,358,21
2719,4382,2822,42
2720,221,308,49
2721,2503,3263,136
2722,17691,1783,1237
2723,4037,2590,115
2724,17491,2092,1635
2725,0,170,0
2726,5958,869,126
2727,14288,3358,808
2728,10733,2389,738
2729,330,182,18
2730,2065,1511,102
2731,13165,2331,1079
2732,2785,1563,162
2733,636,445,9
2734,9905,1466,3815
2735,916,498,6
2736,4408,1580,86
2737,9035,2918,734
2738,1040,159,10
2739,8702,2036,869
2740,526,487,2
2741,8437,1326,1562
2742,225,158,19
2743,9857,3162,772
2744,369,94,0
2745,9762,3430,332
2746,44,18,10
2747,8401,6063,1304
2748,6359,4873,389
2749,13570,1987,515
2750,7304,1588,301
2751,5847,6009,375
2752,0,1,5
2753,13945,2162,2751
2754,1886,1641,165
2755,13873,1344,514
2756,2425,1290,195
2757,14877,1586,669
2758,8435,2275,1040
2759,3296,797,235
2760,13993,1794,1219
2761,2799,896,432
2762,6828,1262,359
2763,9698,1700,1640
2764,6805,1354,353
2765,5511,5174,52
2766,7660,1245,555
2767,5692,2613,234
2768,4734,5373,347
2769,2429,594,166
2770,14789,3949,913
2771,2,444,3
2772,7457,882,513
2773,3846,5291,812
2774,6860,1331,327
2775,5290,4681,585
2776,5922,943,325
2777,8085,4895,610
2778,5978,790,437
2779,5062,4007,382
2780,14647,783,2004
2781,472,1926,54
2782,23337,2410,3272
2783,514,1555,38
2784,13264,10713,395
2785,267,1118,63
2786,11891,14095,346
2787,11350,5681,239
2788,3841,3062,52
2789,145,221,0
2790,4807,2957,125
2791,13825,2721,1008
2792,13192,4497,1238
2793,58,744,1
2794,12207,3803,550
2795,28,701,1
2796,12072,5714,1774
2797,2,939,0
2798,12880,3322,1551
2799,118,952,22
2800,7220,810,2599
2801,98,735,8
2802,7860,1852,719
2803,0,126,0
2804,6461,2231,290
2805,45,214,4
2806,7094,2003,486
2807,3350,2752,38
2808,122,202,7
2809,10488,1966,650
2810,194,568,2
2811,9887,3238,1607
2812,27,251,0
2813,5335,1625,512
2814,3856,915,604
2815,44,164,0
2816,5834,740,564
2817,207,653,12
2818,4370,2692,54
2819,229,559,41
2820,2487,3110,152
2821,17714,2094,1214
2822,4037,2528,115
2823,17373,2402,1753
2824,5915,763,169
2825,10917,5499,763
2826,14169,3653,927
2827,10729,2705,742
2828,329,171,19
2829,2075,1530,92
2830,13104,2418,1140
2831,2832,1625,115
2832,635,402,10
2833,9918,1201,3802
2834,913,442,9
2835,8978,2616,791
2836,8597,1003,514
2837,1040,167,10
2838,8732,2368,839
2839,523,527,5
2840,8426,1454,1573
2841,5122,3188,83
2842,4397,4497,308
2843,12879,3874,338
2844,4573,1264,89
2845,1743,3924,100
2846,8498,4875,382
2847,12994,2066,1240
2848,7524,3050,137
2849,2915,448,43
2850,673,6116,29
2851,6007,4467,1100
2852,4075,896,62
2853,5145,738,92
2854,1967,1009,303
2855,2136,7441,213
2856,13039,2043,186
2857,8472,1359,1537
2858,7641,1694,396
2859,3409,1184,1915
2860,2134,945,586
2861,3996,1072,339
2862,9577,1937,655
2863,7475,3168,755
2864,2312,213,452
2865,1083,8185,62
2866,3276,5310,431
2867,10144,778,142
2868,5620,363,113
2869,9200,1573,747
2870,3841,5404,91
2871,4602,6313,146
2872,9954,3011,134
2873,3756,1725,72
2874,3146,3046,99
2875,10530,2737,270
2876,8907,1563,320
2877,1974,170,36
2878,3278,10351,293
2879,2762,5062,242
2880,742,843,1
2881,1852,1016,849
2882,5128,301,835
2883,8008,2811,377
2884,2349,1562,364
2885,5462,2623,479
2886,6342,2254,328
2887,4467,1379,595
2888,4554,1509,66
2889,1657,5020,30
2890,8999,5159,313
2891,11950,5813,363
2892,8200,2025,206
2893,2309,43,36
2894,677,7203,120
2895,5444,5393,102
2896,5447,1626,35
2897,7335,735,185
2898,1654,2438,54
2899,3246,4980,254
2900,12020,2406,186
2901,3960,409,140
2902,17739,1988,858
2903,5171,7880,689
2904,10591,2187,552
2905,3966,1493,1327
2906,5916,2476,476
2907,6923,2866,777
2908,1726,340,181
2909,8582,3705,944
2910,768,659,191
2911,9753,1594,128
2912,5323,403,173
2913,2396,1047,141
2914,8165,1368,512
2915,5937,3172,65
2916,4914,6840,181
2917,10595,2846,148
2918,4382,1853,97
2919,1368,4426,178
2920,7173,4082,350
2921,6681,4218,101
2922,3479,171,26
2923,2195,6669,219
2924,3528,4922,292
2925,310,1048,34
2926,5210,1518,86
2927,6590,258,298
2928,4830,2635,487
2929,9097,3323,896
2930,2012,1078,276
2931,8768,1777,556
2932,4111,2431,662
2933,3782,6505,622
2934,3546,1402,261
2935,10336,3554,386
2936,9097,6325,1204
2937,10595,2975,442
2938,1608,83,29
2939,331,8660,24
2940,5751,5743,205
2941,8680,967,77
2942,6327,916,92
2943,2640,2414,356
2944,3507,5586,151
2945,9431,2330,141
2946,3086,1452,75
2947,7913,1893,666
2948,2224,5837,48
2949,8285,3146,308
2950,5447,1775,280
2951,3048,75,19
2952,8776,1707,1439
2953,4848,3088,485
2954,8878,1960,1017
2955,1843,1407,324
2956,2037,652,297
2957,4347,1429,690
2958,2324,1008,213
2959,5096,3221,109
2960,4336,4892,369
2961,12950,4433,267
2962,4572,1311,90
2963,1739,4031,104
2964,8489,5162,391
2965,7535,3299,126
2966,2915,411,43
2967,685,6244,17
2968,6019,4578,1088
2969,10278,3194,1684
2970,4076,893,61
2971,5129,771,108
2972,1916,944,354
2973,2144,7458,205
2974,13045,2628,180
2975,8450,1513,1559
2976,3591,1198,1733
2977,2114,1072,606
2978,4014,1004,321
2979,9553,1970,679
2980,13455,2622,1210
2981,7465,3374,765
2982,2296,186,468
2983,1082,8294,63
2984,3344,5514,363
2985,10142,1007,144
2986,5639,305,94
2987,3837,5211,95
2988,4609,6507,139
2989,9956,2794,132
2990,3751,1757,77
2991,8300,1409,583
2992,3145,3227,100
2993,10542,2882,258
2994,8934,1612,293
2995,1974,174,36
2996,3367,9837,204
2997,2791,5078,213
2998,1755,919,946
2999,5160,254,803
3000,7982,3156,403
3001,2379,1688,334
3002,607,457,290
3003,5418,2741,523
3004,6351,2211,319
3005,4410,1203,652
3006,4545,1615,75
3007,1656,4710,31
3008,9038,5215,274
3009,8222,1793,184
3010,2316,42,29
3011,689,7367,108
3012,5416,5574,130
3013,3096,335,1227
3014,5447,1632,35
3015,7336,611,184
3016,1631,2150,77
3017,3243,4917,257
3018,11949,2500,257
3019,3959,349,141
3020,5082,7321,778
3021,10572,1889,571
3022,4052,1634,1241
3023,5929,2550,463
3024,10210,3031,1752
3025,9818,2081,1003
3026,6912,2839,788
3027,1740,342,167
3028,8570,3818,956
3029,760,683,199
3030,1195,1865,383
3031,4327,561,8
3032,17463,1915,1105
3033,2265,3527,5
3034,19839,1512,960
3035,10177,1510,3181
3036,4364,1546,211
3037,9245,3484,880
3038,4590,4270,218
3039,11899,9986,698
3040,1348,2519,87
3041,88,261,36
3042,8811,520,2525
3043,5044,444,320
3044,8811,11650,365
3045,5127,694,69
3046,12584,6534,689
3047,10395,5237,1185
3048,2622,4048,59
3049,8863,7158,900
3050,4616,4836,396
3051,10277,2106,3043
3052,7776,3829,770
3053,12103,12588,1146
3054,1363,1471,306
3055,218,1626,11
3056,7921,2194,1894
3057,1384,4301,22
3058,8965,1172,463
3059,19073,2512,1059
3060,10659,2440,682
3061,7138,1924,860
3062,4910,5000,202
3063,7585,2231,1169
3064,6861,3222,266
3065,6916,2024,413
3066,4716,4176,169
3067,11573,11921,103
3068,9476,825,1308
3069,949,1135,2
3070,741,270,43
3071,9064,690,1755
3072,3759,1612,129
3073,18608,1080,1544
3074,9599,3665,738
3075,6876,2679,529
3076,5257,3402,300
3077,14020,8946,385
3078,502,1707,278
3079,8,859,0
3080,0,176,0
3081,6491,2740,604
3082,104,546,36
3083,4826,3204,269
3084,66,1105,37
3085,8768,2047,1628
3086,13900,6403,2882
3087,2,22,9
3088,8813,2165,3630
3089,10729,2636,2303
3090,5812,3901,565
3091,4422,1764,462
3092,12192,12250,762
3093,1165,1272,238
3094,113,1392,0
3095,8513,1187,1094
3096,5538,251,204
3097,19362,1628,2688
3098,10642,1940,1041
3099,62,46,0
3100,11066,2153,2462
3101,65,256,23
3102,7774,1583,371
3103,8622,3406,594
3104,9361,3368,2832
3105,1329,2150,141
3106,14496,10426,844
3107,1385,3313,315
3108,447,1633,1
3109,9158,1642,385
3110,2713,2189,401
3111,19539,1122,4839
3112,9040,2994,546
3113,861,746,163
3114,8295,2026,437
3115,6220,3307,265
3116,10720,13140,285
3117,300,2096,179
3118,18914,6456,953
3119,163,1590,17
3120,10111,12698,554
3121,1157,1778,421
3122,4322,479,13
3123,17631,2110,937
3124,10230,4341,756
3125,2264,3499,6
3126,19877,1545,922
3127,10334,1500,3024
3128,9258,3673,867
3129,4426,4372,382
3130,11869,9832,728
3131,1318,2505,117
3132,92,201,32
3133,8916,639,2420
3134,4910,372,454
