# Stats for class 2
0,9528,2779,419
1,743,465,0
2,14119,3959,546
3,7766,4636,138
4,8822,10148,354
5,5192,880,4
6,13051,7199,222
7,2624,3978,57
8,8895,5330,868
9,4709,1838,303
10,10979,2802,2341
11,7740,2922,806
12,12041,6895,1208
13,1441,1273,228
14,3593,309,132
15,211,51,18
16,8702,2812,1113
17,1406,4178,0
18,19121,1581,1011
19,11131,3731,210
20,7681,2814,317
21,5041,4052,71
22,8127,3263,627
23,6946,2414,181
24,7222,3037,107
25,11037,3208,619
26,4757,2625,128
27,11474,6689,202
28,9773,1166,1011
29,765,49,19
30,9959,1252,860
31,3883,1071,5
32,19625,1219,527
33,9940,3926,397
34,7215,3180,190
35,5336,2623,221
36,4180,1393,383
37,14132,5596,273
38,411,1499,369
39,8,35,0
40,6639,3426,456
41,140,33,0
42,5053,3630,42
43,101,116,2
44,4702,1339,185
45,5954,1341,219
46,3403,1740,97
47,11124,3963,152
48,11582,1991,568
49,968,278,108
50,1779,610,223
51,2480,403,153
52,7421,1456,229
53,7291,1678,996
54,4169,1460,80
55,996,102,9
56,5804,1779,151
57,4314,3254,148
58,8340,2835,36
59,8512,3432,423
60,1987,443,72
61,11844,3405,298
62,1739,740,72
63,52,65,10
64,8448,1507,393
65,6855,1133,1225
66,9576,1271,321
67,8190,1207,424
68,6753,1464,361
69,13402,3859,872
70,2153,594,60
71,5957,1387,102
72,4708,728,613
73,9,0,218
74,6896,1831,251
75,5158,1250,532
76,7797,1693,358
77,1938,229,60
78,10896,3349,233
79,696,79,0
80,8579,3556,141
81,408,204,82
82,3480,740,195
83,4956,3392,212
84,5257,4067,212
85,2938,1127,131
86,12297,3399,495
87,3105,660,60
88,12663,2283,348
89,4356,530,216
90,2047,479,226
91,0,371,0
92,3977,1416,179
93,4780,1400,366
94,8160,1175,1272
95,1655,159,98
96,11880,2044,363
97,1306,380,32
98,1003,162,309
99,2802,313,134
100,5518,2696,346
101,4118,2405,97
102,5799,7958,251
103,4031,819,240
104,1086,350,6
105,8768,1664,233
106,4511,1392,226
107,5571,1576,235
108,3437,803,48
109,6170,3180,293
110,2836,873,255
111,8461,1679,450
112,1505,570,71
113,8588,2908,295
114,15189,2811,518
115,2048,1255,47
116,2477,2465,43
117,5929,1156,608
118,2641,440,129
119,5858,1639,272
120,5131,2737,64
121,4071,705,260
122,707,113,129
123,6293,991,355
124,4044,2022,106
125,18505,2096,375
126,9081,2299,740
127,2242,229,34
128,12940,3007,361
129,556,180,1
130,54,468,3
131,4775,1293,131
132,4587,4681,202
133,6629,948,222
134,2016,352,76
135,5257,1531,35
136,0,74,0
137,241,275,6
138,7763,3530,184
139,783,504,200
140,2736,276,266
141,6786,1052,223
142,3064,2608,489
143,8390,1750,426
144,1759,170,135
145,12176,1590,576
146,642,78,5
147,3947,2529,66
148,1334,195,261
149,3454,593,109
150,4841,3829,144
151,3155,2480,114
152,3190,1848,226
153,690,228,22
154,7511,2420,148
155,4545,1831,394
156,4502,792,129
157,6127,2688,769
158,8322,2056,771
159,4026,1068,53
160,4741,1351,146
161,5957,1314,216
162,3423,1778,77
163,11578,1842,572
164,972,239,104
165,1737,570,265
166,2478,381,155
167,7422,1508,228
168,7306,1705,981
169,1198,960,297
170,4163,1279,86
171,985,111,20
172,5809,1710,146
173,4308,2925,154
174,8491,3134,444
175,1984,319,75
176,11806,3313,336
177,1733,659,78
178,54,78,8
179,8426,1566,415
180,12840,1209,750
181,6561,1236,1519
182,9553,1293,344
183,8211,1279,403
184,6792,1545,322
185,2151,554,62
186,5967,1401,92
187,4730,779,591
188,0,3,227
189,6904,1718,243
190,5153,1281,537
191,9382,2365,145
192,7808,1608,347
193,1950,247,48
194,10912,3325,217
195,696,94,0
196,411,204,79
197,3497,836,178
198,4955,3654,213
199,5284,4096,185
200,2935,999,134
201,12338,3527,454
202,13512,4056,352
203,3099,633,66
204,12685,2239,326
205,4397,490,175
206,2069,504,204
207,3970,1321,186
208,4787,1397,359
209,8332,1356,1100
210,1645,142,108
211,11896,2071,347
212,1318,394,20
213,8436,2909,151
214,999,158,313
215,2858,334,78
216,5500,2712,364
217,4129,2447,86
218,4018,838,253
219,1091,366,1
220,8756,1628,245
221,4509,1415,228
222,5573,1571,233
223,3426,800,59
224,556,283,341
225,784,746,211
226,6176,3317,287
227,2841,865,250
228,8511,2068,400
229,1504,623,72
230,4451,1249,245
231,5947,1144,324
232,3780,1954,82
233,11765,1892,748
234,869,354,134
235,1890,714,111
236,4343,197,159
237,2751,521,144
238,6944,1348,342
239,7308,1942,1057
240,4509,1312,122
241,1139,230,23
242,5717,1644,225
243,4514,2547,153
244,8247,3229,602
245,1853,367,64
246,11993,3088,379
247,4361,3347,236
248,1871,696,86
249,112,69,8
250,8660,1306,566
251,7187,1176,1685
252,10165,1290,377
253,7829,1305,552
254,7486,1390,349
255,2233,533,76
256,5946,1496,154
257,4677,885,760
258,4045,2013,19
259,8,0,134
260,7287,1439,312
261,4872,1161,624
262,8711,1786,179
263,2233,206,78
264,10858,3261,293
265,678,124,9
266,458,239,45
267,3165,789,219
268,5271,3516,231
269,75,95,19
270,5326,3759,179
271,2736,1070,111
272,13421,3165,627
273,3502,621,52
274,12860,2258,403
275,4818,483,174
276,2372,645,216
277,4268,1457,206
278,4943,1325,471
279,8196,1091,1581
280,9889,2905,610
281,1823,119,113
282,12506,1940,451
283,1069,269,90
284,900,147,438
285,3266,327,112
286,5515,2870,323
287,4418,2601,127
288,3819,956,163
289,1047,315,12
290,9062,1338,233
291,7052,606,205
292,4490,1073,303
293,5545,1580,260
294,3778,735,68
295,6702,3355,286
296,2949,686,290
297,8717,1918,412
298,1506,481,85
299,2237,1466,155
300,2736,2474,304
301,6106,1184,683
302,49,177,0
303,2800,483,193
304,6034,1447,239
305,4764,2479,94
306,3508,537,356
307,637,114,259
308,6443,1022,400
309,4519,2323,195
310,9198,2167,779
311,1858,181,42
312,13481,2747,346
313,3882,1429,282
314,790,317,0
315,57,348,13
316,5186,1167,141
317,4647,4834,304
318,6690,801,329
319,1932,268,116
320,5300,1451,54
321,246,255,15
322,8222,3430,237
323,1050,547,312
324,7340,1601,1593
325,2901,285,216
326,7129,1048,307
327,3096,2314,567
328,7783,2047,486
329,1995,226,138
330,12286,1685,725
331,574,75,5
332,1203,160,283
333,3007,642,99
334,4787,3598,240
335,4040,243,283
336,7437,1084,175
337,3251,2497,119
338,3264,1773,265
339,567,137,46
340,8049,2166,189
341,5063,1771,446
342,4785,631,153
343,6262,2389,913
344,4192,1065,71
345,4475,1297,221
346,5970,1166,301
347,208,170,321
348,3770,1992,92
349,11730,1749,783
350,876,275,127
351,1877,730,124
352,2755,464,140
353,7004,1309,282
354,7473,2024,892
355,4501,1217,130
356,1121,239,41
357,5735,1511,207
358,726,153,454
359,4518,2106,149
360,8191,3031,658
361,1846,351,71
362,11965,3016,407
363,1864,693,93
364,112,77,8
365,8622,1349,604
366,7022,1182,1850
367,10182,1395,360
368,7859,1308,522
369,7077,1567,457
370,7477,1388,358
371,2216,487,93
372,6000,1569,100
373,4705,855,732
374,7,22,135
375,7379,1500,220
376,4859,1191,637
377,8734,1777,156
378,2267,216,44
379,10853,3151,298
380,5907,2050,949
381,682,133,5
382,453,210,50
383,3170,798,214
384,5280,3867,222
385,5336,3864,169
386,2732,1007,115
387,13465,3218,583
388,3496,596,58
389,12867,2318,396
390,4834,407,158
391,2450,629,282
392,2373,598,215
393,4249,1339,225
394,4981,1370,433
395,8318,1309,1459
396,1834,117,102
397,12562,1976,395
398,1074,266,85
399,970,139,368
400,3290,343,88
401,5537,2723,301
402,6,241,0
403,4406,2686,139
404,3830,998,152
405,1049,316,10
406,9059,1420,236
407,4484,1136,309
408,5570,1517,235
409,3773,632,73
410,6691,3361,297
411,2956,691,283
412,8702,1766,427
413,8020,3947,209
414,1509,524,82
415,4309,1552,54
416,6578,4005,163
417,20856,2724,121
418,7150,1745,272
419,5776,5309,465
420,10521,2425,569
421,17146,3543,527
422,4637,266,31
423,4234,6856,168
424,717,365,201
425,5901,1083,919
426,13680,677,91
427,8244,1067,1290
428,4488,887,441
429,8161,3422,123
430,21633,2435,89
431,3744,1270,41
432,5218,1192,2381
433,10274,1927,181
434,11977,2493,156
435,336,299,165
436,1033,93,3
437,703,6069,5
438,3601,2845,102
439,14860,939,374
440,6528,775,452
441,4667,1371,64
442,6514,4813,147
443,21585,2839,706
444,6760,1338,381
445,6672,5276,128
446,10238,2068,583
447,5437,1730,514
448,9220,2797,102
449,15908,3119,393
450,5115,336,5
451,4796,5025,347
452,4939,3395,194
453,14723,966,242
454,7304,1860,14
455,6490,2732,7
456,4654,3386,360
457,13944,2486,436
458,95,125,21
459,4331,1350,4
460,1874,3401,47
461,10667,2460,2116
462,10763,1769,281
463,1169,219,1
464,5616,3923,703
465,5444,1960,150
466,14803,971,179
467,6771,1434,78
468,5065,1483,159
469,322,295,155
470,10523,2717,940
471,21424,2204,308
472,6400,1378,68
473,8263,5542,342
474,6440,3875,126
475,15947,2891,266
476,5230,424,31
477,3427,5820,34
478,5757,2700,46
479,10571,995,106
480,4952,2768,855
481,4400,1212,1
482,6212,2206,7
483,4956,1816,280
484,12943,2585,157
485,4693,1963,2
486,2032,3402,23
487,10053,3259,246
488,18138,3371,278
489,3436,480,0
490,4280,5646,197
491,3579,982,174
492,4576,2552,76
493,14271,908,50
494,7881,1403,1236
495,4051,1752,138
496,9088,1902,728
497,20315,2639,128
498,6398,1179,224
499,9157,3706,657
500,8080,3833,796
501,17283,2741,155
502,4907,1457,411
503,4746,631,2
504,4139,2546,924
505,4700,3047,382
506,10835,990,107
507,4132,987,25
508,6408,2138,384
509,5475,2344,185
510,12620,2132,171
511,6672,1964,88
512,7731,3466,1113
513,8309,1043,254
514,9335,2211,310
515,16485,4192,650
516,3690,672,1
517,4500,6117,38
518,7059,1699,501
519,14495,765,74
520,8571,1228,950
521,4657,1083,97
522,7553,4164,171
523,20668,2745,215
524,127,117,161
525,5988,1403,11
526,5427,5678,193
527,10334,2185,489
528,13412,2162,426
529,1390,131,0
530,33,6591,0
531,3810,2179,257
532,10461,1304,33
533,4793,1077,139
534,4309,1440,54
535,460,165,28
536,6560,4011,181
537,20845,2775,132
538,7216,1975,206
539,5775,5235,466
540,10501,2209,589
541,17090,3382,583
542,4637,281,31
543,4226,6763,176
544,6151,1130,669
545,13684,683,87
546,8648,1223,823
547,8191,1111,1343
548,4455,723,474
549,8172,3344,112
550,21629,2526,93
551,3741,1288,44
552,5552,1220,2047
553,10271,1862,184
554,12001,2529,132
555,1032,108,4
556,705,5704,3
557,4516,1067,59
558,6550,1824,1052
559,3591,2875,112
560,14856,961,378
561,6614,788,366
562,4676,1292,55
563,6522,4608,139
564,21681,2817,610
565,6878,1367,263
566,6646,5346,154
567,9218,3085,104
568,15907,3299,394
569,2118,1017,46
570,5111,340,9
571,4740,4798,403
572,4991,3448,142
573,14583,937,382
574,7305,1808,13
575,6484,2640,13
576,4629,3276,385
577,13838,2354,542
578,4333,1247,2
579,1873,3353,48
580,30,170,18
581,10690,2441,2093
582,10778,1769,266
583,1170,223,0
584,5611,3526,708
585,5436,2529,158
586,14787,938,195
587,6479,1389,370
588,5029,1505,195
589,10651,2953,812
590,21446,2250,286
591,8073,1949,705
592,6262,1465,206
593,8167,5173,438
594,6451,4077,115
595,15955,2954,258
596,5231,438,30
597,3402,5986,59
598,5772,2713,31
599,10535,980,142
600,4400,1092,1
601,6203,2243,16
602,3527,1094,288
603,4970,1793,266
604,12948,2676,152
605,4695,1851,0
606,2031,3404,24
607,6142,423,484
608,2596,2309,994
609,139,3,37
610,10578,1533,859
611,930,156,531
612,947,1572,10
613,19,77,3
614,6049,2451,1559
615,6964,829,1331
616,8680,4506,211
617,18345,2906,757
618,17925,2109,1107
619,3365,167,206
620,8341,1641,495
621,7603,1421,788
622,15587,950,470
623,7073,455,562
624,2568,2352,1070
625,2826,1032,32
626,8364,3344,1161
627,16563,1249,999
628,8156,1111,114
629,11698,2051,453
630,9374,2694,328
631,282,257,31
632,4456,1166,140
633,2523,1167,1675
634,55,2,28
635,8192,2232,624
636,8739,2638,815
637,856,1114,60
638,6323,5090,150
639,11938,3333,761
640,13338,1406,525
641,7707,374,861
642,3369,2005,30
643,8096,2411,1215
644,14272,1014,843
645,6727,1317,293
646,983,473,165
647,10825,4268,394
648,14403,2451,806
649,18553,2787,2176
650,2961,432,3
651,6964,2254,400
652,7445,2258,1235
653,845,1841,61
654,4749,626,478
655,8706,2503,1371
656,162,57,30
657,883,389,104
658,5551,912,88
659,2118,2107,575
660,3373,1576,10
661,10358,3407,939
662,17509,1125,451
663,7398,571,373
664,10972,2980,827
665,15930,2850,427
666,16287,2439,795
667,2117,430,0
668,11058,3630,522
669,8028,2449,541
670,6643,3812,503
671,7885,1767,610
672,15118,1169,201
673,7568,581,170
674,2431,830,18
675,7527,2509,974
676,16569,1961,485
677,1429,156,90
678,6960,2024,2771
679,3221,638,733
680,1030,469,234
681,3042,1595,437
682,7961,3473,1607
683,100,2,66
684,17018,3429,527
685,19007,2407,1092
686,3359,161,78
687,8793,2656,675
688,11503,3527,1193
689,16673,902,2342
690,5855,711,911
691,89,153,22
692,2854,2362,38
693,8036,2436,1374
694,15502,1058,712
695,7764,1525,129
696,10238,5813,626
697,14243,2701,1159
698,15741,3470,1708
699,3591,253,47
700,11940,1234,1584
701,1067,482,388
702,6705,1641,725
703,1445,218,295
704,7451,1672,1511
705,1886,1182,253
706,3218,1950,640
707,12008,641,449
708,8248,355,384
709,4298,1362,36
710,10547,2381,1398
711,17393,1717,693
712,7409,1002,696
713,306,126,1
714,11766,2942,480
715,15470,3753,1075
716,18849,1891,2214
717,2605,253,4
718,5611,4045,568
719,8716,2731,902
720,13317,798,95
721,7742,382,572
722,6131,416,495
723,2755,2226,835
724,10775,1449,184
725,143,1,33
726,10206,1498,1231
727,1084,197,377
728,931,1135,26
729,6136,2275,1472
730,7076,798,1219
731,8670,4442,221
732,18290,3190,812
733,18036,2242,996
734,3387,165,184
735,4366,2570,346
736,8366,1680,470
737,7607,1854,784
738,15275,789,782
739,7023,435,612
740,2783,915,75
741,8409,3204,1116
742,16573,1296,989
743,8153,1101,117
744,11691,2408,460
745,9439,3673,263
746,1764,1071,18
747,277,223,36
748,4505,1054,91
749,2794,1262,1404
750,58,6,25
751,8815,2684,739
752,879,1018,37
753,6319,4987,154
754,11986,3291,713
755,13266,1402,597
756,7882,398,686
757,62,64,2
758,3380,2247,19
759,8130,2490,1181
760,14442,1094,673
761,6804,1401,216
762,10924,4523,295
763,14420,2404,789
764,19158,3028,1571
765,2962,498,2
766,6889,2231,475
767,7262,2048,1418
768,8039,2286,508
769,837,1539,69
770,4730,656,497
771,8715,2523,1362
772,172,135,20
773,5547,899,92
774,1973,1833,720
775,3371,1437,12
776,10391,3619,906
777,17640,1164,320
778,7340,578,431
779,9216,2111,212
780,7385,707,160
781,10967,3026,832
782,15949,2896,408
783,16231,2446,851
784,2117,447,0
785,6642,3655,504
786,7899,1706,596
787,15122,1209,197
788,7610,613,128
789,2431,792,18
790,7557,2704,944
791,59,95,219
792,16604,2079,450
793,2989,979,40
794,9537,3963,556
795,18316,2156,170
796,7694,2235,570
797,12862,2349,1196
798,10871,3351,297
799,15017,3506,421
800,2760,497,9
801,5962,2661,145
802,3952,1501,139
803,6576,2642,105
804,12079,596,421
805,8919,607,83
806,3957,2518,50
807,6551,4783,119
808,18880,2265,93
809,6647,818,441
810,7973,4867,159
811,9458,3579,65
812,17733,2950,806
813,9110,1667,1293
814,4082,250,20
815,5289,3855,82
816,5074,2063,97
817,12450,941,145
818,7058,466,330
819,3663,1602,217
820,9392,5837,437
821,17855,2707,111
822,8126,1243,274
823,11091,3948,650
824,4190,1161,751
825,11138,3300,329
826,14974,4809,391
827,2910,207,15
828,5310,2123,118
829,5673,2848,88
830,12721,1075,114
831,7694,563,190
832,4374,1576,50
833,7861,3712,256
834,18646,2169,58
835,143,96,187
836,6004,1663,50
837,5665,8581,202
838,9395,2810,178
839,17395,3223,381
840,3745,261,10
841,6156,2740,690
842,6956,2451,371
843,12759,1145,165
844,6989,733,125
845,3323,1404,7
846,796,273,208
847,8816,5593,397
848,19750,1568,180
849,6568,2404,104
850,10663,2646,315
851,12943,2340,165
852,16334,3747,396
853,3740,326,10
854,4973,2532,240
855,5207,2186,280
856,12329,737,194
857,6673,1650,397
858,8154,676,367
859,4029,2573,32
860,6904,3642,112
861,19481,2197,134
862,5082,1985,61
863,7611,4799,238
864,12689,3688,204
865,16342,4198,378
866,2463,306,1
867,6307,1687,1230
868,6231,1718,461
869,7746,2997,348
870,12103,853,170
871,6692,1333,17
872,4140,1007,53
873,7860,7327,129
874,19696,2886,445
875,6610,3058,57
876,7591,3924,137
877,12598,2132,154
878,15270,3203,256
879,3364,1931,131
880,3397,289,12
881,5666,2360,110
882,6280,1686,148
883,13476,608,142
884,8155,463,251
885,4837,1587,132
886,6165,4360,124
887,20195,2490,163
888,7325,2453,232
889,11390,3364,767
890,951,577,0
891,8276,1810,478
892,10503,4652,175
893,13799,5528,171
894,2517,346,2
895,5802,3036,554
896,7573,2169,361
897,11667,821,256
898,7706,522,65
899,4697,1286,96
900,6940,5004,109
901,20614,2302,96
902,1061,766,184
903,5191,2712,285
904,7947,3791,204
905,11184,3245,168
906,16429,3817,250
907,3970,428,9
908,2904,6225,135
909,5147,2343,130
910,15074,798,206
911,7101,587,193
912,2977,856,52
913,1007,557,298
914,9501,3747,592
915,18333,1976,153
916,7878,2369,386
917,12835,2355,1223
918,10864,3348,304
919,15083,3464,355
920,2764,520,5
921,5964,3020,143
922,6564,2831,117
923,12084,584,416
924,8608,2054,403
925,8869,544,133
926,3947,2116,60
927,6568,4274,102
928,18882,2467,91
929,6845,1052,243
930,7949,4888,183
931,9460,3430,63
932,17909,3175,630
933,4082,250,20
934,5282,3523,89
935,873,395,196
936,5088,1986,83
937,12437,843,158
938,7104,505,284
939,3654,1909,226
940,9394,5571,435
941,17884,2874,82
942,8153,1325,247
943,11091,4163,650
944,11097,3166,370
945,14987,4933,378
946,12106,2559,292
947,2909,191,16
948,5311,1965,117
949,5668,2551,93
950,12720,964,115
951,7687,569,197
952,4376,1553,48
953,7816,3621,301
954,18637,2427,67
955,6020,1943,34
956,5651,8443,216
957,5911,652,106
958,9382,2648,191
959,17385,3109,391
960,3750,284,5
961,6231,2781,615
962,6951,2612,376
963,12713,1048,211
964,7030,753,84
965,3324,1430,6
966,8829,5146,384
967,19856,1731,74
968,20,41,18
969,6612,2427,60
970,10583,2525,395
971,12952,2226,156
972,16427,3817,303
973,3734,289,16
974,5007,2698,206
975,5210,2198,277
976,12315,725,208
977,8164,668,357
978,4005,2513,56
979,3026,1508,208
980,6919,3949,97
981,19471,2136,144
982,5042,1982,101
983,7611,4303,238
984,5314,3240,87
985,4801,1368,158
986,12044,2208,139
987,5018,1738,31
988,1659,1478,105
989,8016,1899,315
990,5675,1597,591
991,7732,1886,105
992,3060,145,8
993,622,1330,144
994,5112,1913,1328
995,4163,538,1
996,5137,1359,33
997,2206,454,297
998,1887,1433,298
999,12918,1683,130
1000,8905,1733,856
1001,0,2,0
1002,8448,1059,229
1003,3576,625,1568
1004,2089,1004,594
1005,3966,1230,92
1006,9333,1289,554
1007,7981,1618,423
1008,2447,387,40
1009,1405,2404,44
1010,3659,2411,149
1011,10280,509,108
1012,5891,689,43
1013,781,170,270
1014,3697,4099,71
1015,4302,2288,145
1016,10297,1967,81
1017,3654,1554,38
1018,3087,1443,126
1019,10634,1764,179
1020,9123,1658,138
1021,2050,296,25
1022,2721,2868,712
1023,2686,2048,228
1024,343,115,185
1025,1545,1079,909
1026,5442,494,446
1027,8483,1966,166
1028,2470,2182,119
1029,5360,1441,226
1030,6433,1881,214
1031,4740,741,281
1032,5145,1952,7
1033,1683,1685,26
1034,8661,2194,364
1035,7068,1924,348
1036,8878,1702,142
1037,2293,68,12
1038,491,2068,313
1039,5750,2279,130
1040,5874,565,32
1041,7181,1057,116
1042,1926,863,27
1043,3319,912,482
1044,12355,2321,46
1045,3901,467,47
1046,5428,2105,798
1047,4271,1590,1419
1048,10229,1536,304
1049,4454,498,975
1050,4982,1733,856
1051,6912,4201,306
1052,1771,670,64
1053,8734,2893,518
1054,935,830,153
1055,10060,919,87
1056,5233,712,81
1057,2341,683,29
1058,5705,2385,67
1059,4741,1948,378
1060,10961,1961,107
1061,4334,2467,11
1062,1381,1565,146
1063,8417,1859,307
1064,6459,1758,93
1065,3232,351,5
1066,970,659,1339
1067,3870,1426,274
1068,35,40,11
1069,5255,1183,63
1070,6668,762,184
1071,5004,1829,316
1072,9584,3103,420
1073,2129,417,164
1074,8811,1419,255
1075,4027,2091,356
1076,3732,5704,706
1077,3261,2121,133
1078,10420,2316,252
1079,9516,2279,417
1080,10057,1689,242
1081,1614,117,11
1082,241,2649,173
1083,5738,1473,415
1084,8365,817,39
1085,6493,933,16
1086,2903,1361,292
1087,3372,1691,247
1088,9725,1908,84
1089,2988,1305,8
1090,2503,1090,138
1091,2336,1176,133
1092,8300,2380,189
1093,5132,1292,152
1094,3015,158,7
1095,9124,1490,832
1096,4759,1876,456
1097,8624,2145,325
1098,1924,1037,124
1099,2013,675,305
1100,4522,1571,294
1101,98,32,94
1102,5318,3170,83
1103,4712,1397,247
1104,12020,2065,163
1105,5017,1793,32
1106,1673,1654,91
1107,8054,1962,277
1108,7738,1841,99
1109,3064,152,4
1110,598,1215,168
1111,5144,1807,1296
1112,12171,6578,142
1113,4617,1876,267
1114,615,1349,702
1115,4163,509,1
1116,5140,1458,30
1117,2234,464,269
1118,1887,1585,298
1119,12924,1919,124
1120,8860,1736,901
1121,3578,634,1566
1122,2159,965,524
1123,3965,1083,93
1124,9424,1356,463
1125,5408,1527,871
1126,8033,1737,371
1127,2420,391,67
1128,1389,2658,60
1129,3671,2621,137
1130,10245,486,143
1131,5900,623,34
1132,3709,4065,59
1133,4323,2241,124
1134,10291,1998,87
1135,3663,1690,29
1136,4121,2679,404
1137,3083,1352,130
1138,10588,1676,225
1139,9115,1692,146
1140,2049,308,26
1141,2580,2296,853
1142,2708,2145,206
1143,1479,1093,975
1144,5397,478,491
1145,8490,2066,159
1146,2471,2274,118
1147,9328,2259,1141
1148,5362,1524,224
1149,6434,1759,213
1150,4760,801,261
1151,5145,2029,7
1152,1678,1336,31
1153,8674,2119,351
1154,8903,1797,117
1155,2299,63,6
1156,448,1944,356
1157,5756,2333,124
1158,1242,628,247
1159,5871,566,35
1160,7201,1000,96
1161,1912,850,41
1162,3110,905,691
1163,12341,2404,60
1164,3903,480,45
1165,4246,1662,1444
1166,10221,1531,312
1167,4455,871,974
1168,5012,1682,826
1169,1028,389,189
1170,6931,4118,287
1171,1785,682,50
1172,8767,2768,485
1173,932,840,156
1174,529,543,205
1175,19139,1736,7946
1176,0,0,4
1177,7143,3119,202
1178,5769,3687,45
1179,8264,3791,251
1180,8321,1585,138
1181,5884,3085,152
1182,5686,5277,155
1183,14737,3107,391
1184,11,29,9
1185,7893,1989,84
1186,3916,5258,765
1187,6820,2317,326
1188,5610,4071,642
1189,6499,932,248
1190,7428,3331,1234
1191,1348,1074,4
1192,12735,2140,1587
1193,238,671,10
1194,602,476,132
1195,19288,1487,7797
1196,0,0,4
1197,7209,2959,136
1198,5749,3599,65
1199,8260,4032,255
1200,5897,3355,139
1201,5669,5376,172
1202,257,162,62
1203,14778,3175,350
1204,11,25,9
1205,7867,1820,110
1206,3938,5554,743
1207,7041,2239,105
1208,5695,4162,557
1209,6490,1184,257
1210,7664,3198,998
1211,13026,2359,1296
1212,240,624,8
1213,10008,1757,512
1214,614,863,120
1215,18933,1609,8152
1216,0,0,4
1217,7196,2798,149
1218,5752,3811,62
1219,8248,3598,267
1220,5901,3411,135
1221,5700,5755,141
1222,14703,3100,425
1223,13,28,7
1224,8047,2338,98
1225,6216,2440,387
1226,7858,2084,119
1227,3907,5320,774
1228,6993,2075,153
1229,5607,4290,645
1230,6522,1066,225
1231,7271,3256,1391
1232,12902,1908,1420
1233,230,930,18
1234,550,561,184
1235,18755,1613,8330
1236,2103,675,19
1237,0,0,4
1238,7184,2984,161
1239,5746,3538,68
1240,8241,3573,274
1241,5913,3793,123
1242,5715,5301,126
1243,14683,3031,445
1244,16,38,4
1245,7838,2036,139
1246,3853,5420,828
1247,63,67,32
1248,6900,2241,246
1249,5457,4359,795
1250,6507,1353,240
1251,7515,2989,1147
1252,12911,2261,1411
1253,235,1071,13
1254,505,451,229
1255,19132,1602,7953
1256,0,0,4
1257,7204,3146,141
1258,6724,2128,381
1259,5744,3532,70
1260,8241,3944,274
1261,5931,3700,105
1262,5693,4892,148
1263,14724,3132,404
1264,16,35,4
1265,7810,1967,167
1266,3877,4997,804
1267,6964,2314,182
1268,5625,4206,627
1269,5725,771,139
1270,6470,1213,277
1271,7379,3127,1283
1272,12896,2330,1426
1273,242,913,6
1274,600,734,134
1275,19311,1720,7774
1276,0,0,4
1277,7166,3359,179
1278,5752,3517,62
1279,8275,4235,240
1280,91,55,110
1281,5894,3274,142
1282,5681,5275,160
1283,14766,3131,362
1284,14,28,6
1285,7852,1849,125
1286,3876,5155,805
1287,6829,1867,317
1288,5713,4209,539
1289,6469,818,278
1290,7556,3093,1106
1291,3363,1439,358
1292,12689,1932,1633
1293,244,782,4
1294,608,646,126
1295,18917,1435,8168
1296,0,0,4
1297,7233,3372,112
1298,5762,3341,52
1299,8254,4179,261
1300,5871,3444,165
1301,5645,5619,196
1302,9429,2006,1148
1303,14732,3098,396
1304,14,30,6
1305,7871,1839,106
1306,3984,5371,697
1307,7007,1909,139
1308,5699,4110,553
1309,6497,1325,250
1310,7543,3025,1119
1311,12731,2291,1591
1312,237,1215,11
1313,2797,1164,117
1314,556,655,178
1315,19308,1505,7777
1316,0,0,4
1317,7176,3140,169
1318,5762,3761,52
1319,8244,4227,271
1320,5931,3559,105
1321,5654,5214,187
1322,14685,3120,443
1323,11,22,9
1324,842,234,168
1325,7892,2183,85
1326,3902,5128,779
1327,6992,2307,154
1328,5604,3854,648
1329,6518,956,229
1330,7327,3725,1335
1331,12893,1994,1429
1332,236,1012,12
1333,9251,1739,592
1334,1089,544,93
1335,748,1738,276
1336,560,347,39
1337,1094,395,52
1338,1402,1150,171
1339,196,325,15
1340,6536,2217,259
1341,2270,769,206
1342,62,60,5
1343,4369,2769,310
1344,1204,822,64
1345,5046,3517,406
1346,588,417,22
1347,4867,2781,190
1348,6308,1102,998
1349,1160,1152,156
1350,5628,1798,1149
1351,469,458,359
1352,285,237,34
1353,5078,1653,298
1354,6260,3302,1958
1355,5198,1488,190
1356,4042,1546,380
1357,6937,1037,536
1358,19,176,19
1359,3040,1339,91
1360,6402,1234,285
1361,2497,819,197
1362,32,65,0
1363,7578,1626,383
1364,4788,444,234
1365,115,973,36
1366,4815,558,743
1367,58,2029,32
1368,5894,925,490
1369,404,271,142
1370,728,2581,103
1371,4610,842,197
1372,4,60,84
1373,3546,3574,206
1374,879,275,3195
1375,4936,2986,5107
1376,427,95,422
1377,539,310,33
1378,3568,1203,397
1379,318,230,17
1380,5241,1763,217
1381,2806,825,77
1382,1956,847,222
1383,5299,1009,304
1384,4729,497,444
1385,293,169,105
1386,8355,1911,478
1387,0,26,2
1388,9463,1303,479
1389,28,31,66
1390,9289,1926,724
1391,3921,2273,274
1392,64,52,40
1393,8189,3996,345
1394,2503,1893,679
1395,1,7,17
1396,3157,1200,1494
1397,75,28,325
1398,6764,1362,2348
1399,935,1063,35
1400,6590,1647,371
1401,1790,491,53
1402,4373,3480,224
1403,77,66,0
1404,2841,895,338
1405,2454,869,379
1406,4742,1237,364
1407,4698,553,637
1408,4231,1005,328
1409,5919,1205,511
1410,5522,933,291
1411,4981,978,253
1412,6067,1187,519
1413,4054,2024,10
1414,2941,2119,606
1415,3,28,210
1416,8316,3423,3088
1417,2487,1413,1901
1418,7905,1651,774
1419,963,416,105
1420,8557,2112,320
1421,1210,930,164
1422,46,49,30
1423,4324,2016,225
1424,74,103,20
1425,1093,562,157
1426,14,4,16
1427,3409,824,673
1428,2634,872,122
1429,5950,1025,128
1430,4626,1384,144
1431,5903,1350,282
1432,4385,3217,84
1433,5320,1408,182
1434,3015,992,560
1435,9877,2866,622
1436,7492,942,430
1437,3159,972,1096
1438,9200,2051,643
1439,1085,539,97
1440,1088,382,58
1441,1396,1038,177
1442,198,355,13
1443,6530,2311,265
1444,2237,679,239
1445,53,50,14
1446,10734,3990,252
1447,7087,626,170
1448,4346,2727,333
1449,1207,909,61
1450,5028,3272,424
1451,588,475,22
1452,6333,1118,973
1453,1145,1094,171
1454,5636,1655,1141
1455,472,460,356
1456,214,192,105
1457,5148,1659,228
1458,49,202,0
1459,6264,3507,1954
1460,5188,1442,200
1461,3966,1540,456
1462,7027,1218,446
1463,3043,1331,88
1464,6401,1340,286
1465,2460,958,234
1466,32,107,0
1467,7585,1605,376
1468,4772,432,250
1469,3872,1427,292
1470,121,1092,30
1471,4721,512,837
1472,64,1998,26
1473,5866,924,518
1474,731,2475,100
1475,4606,833,201
1476,0,41,88
1477,3553,4040,199
1478,818,240,3256
1479,4906,3250,5137
1480,7335,1618,1598
1481,441,101,408
1482,535,312,37
1483,3536,1194,429
1484,306,218,29
1485,2812,818,71
1486,1955,877,223
1487,5308,1019,295
1488,4751,499,422
1489,293,158,105
1490,8340,1889,493
1491,7419,1100,193
1492,0,10,2
1493,9424,1339,518
1494,29,52,65
1495,9311,1795,702
1496,68,82,36
1497,8216,4196,318
1498,2566,1961,616
1499,2,19,16
1500,3213,1068,1438
1501,4737,1562,52
1502,197,143,332
1503,6578,4326,172
1504,19557,3493,161
1505,7369,1953,509
1506,6089,5631,465
1507,10103,2855,542
1508,17064,3998,418
1509,4630,249,27
1510,4204,7759,253
1511,6742,1607,566
1512,14009,771,125
1513,788,169,392
1514,8903,1017,903
1515,4291,870,517
1516,8551,3334,178
1517,21845,2625,127
1518,3835,1275,57
1519,5349,1499,2431
1520,10020,1992,233
1521,12256,2833,159
1522,860,79,13
1523,541,6088,3
1524,7082,1475,452
1525,3931,3265,145
1526,14605,956,568
1527,6717,651,433
1528,4740,1536,79
1529,6398,7038,251
1530,22804,3048,610
1531,6611,1669,385
1532,6255,5606,166
1533,9135,2910,115
1534,16126,3131,298
1535,5898,2167,958
1536,5521,303,14
1537,4868,5981,321
1538,5047,4093,143
1539,14753,1227,245
1540,7299,1502,49
1541,6594,3011,38
1542,4455,3877,402
1543,14264,2659,426
1544,4422,1280,15
1545,1761,3849,90
1546,2453,723,279
1547,10824,2403,2191
1548,11371,2168,308
1549,1318,214,2
1550,6006,4047,676
1551,5200,2034,154
1552,15695,1074,225
1553,6580,1396,484
1554,5060,1496,158
1555,10111,3934,598
1556,21045,2514,339
1557,7735,4653,169
1558,6,239,0
1559,6106,1873,46
1560,8381,5397,547
1561,6486,4673,149
1562,16733,2859,495
1563,5061,346,87
1564,3533,5562,41
1565,6184,2726,71
1566,10625,930,229
1567,4665,1134,9
1568,6320,2253,16
1569,8003,3939,226
1570,5006,2216,268
1571,13364,3019,167
1572,4459,2038,1
1573,2021,3232,56
1574,9791,3844,224
1575,16893,4001,364
1576,3370,404,7
1577,4456,5636,207
1578,4646,2762,218
1579,14383,926,81
1580,715,378,203
1581,7763,1218,1219
1582,4410,1661,194
1583,9522,3032,724
1584,20103,3096,128
1585,6118,1293,236
1586,9099,4772,643
1587,8561,3834,670
1588,17895,2616,170
1589,4979,459,16
1590,3826,3270,1113
1591,397,310,104
1592,4544,3745,464
1593,10845,1283,131
1594,4229,995,43
1595,6206,2277,470
1596,6129,3581,216
1597,13048,2250,187
1598,6437,2254,115
1599,7941,3403,1322
1600,8981,2680,313
1601,17005,4655,572
1602,5483,1315,468
1603,3929,685,0
1604,4387,6118,60
1605,6759,1977,418
1606,14236,846,45
1607,9195,961,790
1608,5229,1146,90
1609,8008,5142,179
1610,21711,3199,280
1611,6065,1252,21
1612,5611,6011,119
1613,95,124,21
1614,9519,2427,538
1615,14123,2286,204
1616,1547,121,2
1617,56,7280,0
1618,3638,2478,310
1619,9736,1266,41
1620,5097,1213,118
1621,4727,1440,62
1622,6570,4132,180
1623,19553,3206,165
1624,340,242,137
1625,7432,2285,446
1626,6070,5520,484
1627,10056,2683,589
1628,17006,3813,476
1629,4631,279,26
1630,4217,6984,240
1631,6690,1646,618
1632,14007,744,127
1633,8716,1015,1090
1634,4252,968,556
1635,4981,2702,826
1636,8548,3483,181
1637,21847,2666,125
1638,3817,1237,75
1639,4857,1470,2923
1640,10018,1917,235
1641,12265,2812,150
1642,862,88,11
1643,540,6518,4
1644,3903,3364,173
1645,14641,1053,532
1646,3567,1040,186
1647,6718,646,432
1648,4707,1485,112
1649,6410,6524,239
1650,22890,3171,524
1651,6735,2152,261
1652,6249,5093,172
1653,9120,3153,130
1654,16098,3124,326
1655,5521,297,14
1656,4788,6365,401
1657,4914,1396,404
1658,5081,3601,109
1659,14710,1095,288
1660,7297,1453,51
1661,6614,2939,18
1662,4401,3752,456
1663,14227,2474,463
1664,4421,1231,16
1665,1791,3981,60
1666,10824,2336,2191
1667,11412,2080,267
1668,3616,273,109
1669,8347,1028,216
1670,1318,218,2
1671,5976,3962,706
1672,5173,2220,181
1673,15674,1075,246
1674,6517,1365,547
1675,5039,1527,179
1676,10134,3821,575
1677,21064,2548,320
1678,6004,1870,148
1679,8371,5251,557
1680,127,130,161
1681,6499,4948,136
1682,16814,2929,414
1683,5087,305,61
1684,3510,5620,64
1685,6201,2851,54
1686,10591,1030,263
1687,4663,1134,11
1688,6317,2272,19
1689,4998,2143,276
1690,13367,3007,164
1691,457,192,31
1692,4460,2059,0
1693,2032,3231,45
1694,9322,1666,759
1695,4234,1494,268
1696,7360,913,522
1697,3374,1374,98
1698,6374,1028,275
1699,1976,813,258
1700,0,51,0
1701,8164,1421,429
1702,8622,1175,849
1703,5229,401,559
1704,87,907,9
1705,5139,476,825
1706,50,2170,20
1707,5613,938,564
1708,738,3291,65
1709,4395,882,198
1710,57,87,99
1711,3339,3693,246
1712,928,303,3425
1713,6504,1771,1098
1714,4467,3116,4925
1715,351,148,4
1716,7134,1474,2721
1717,981,1209,52
1718,6683,1735,258
1719,1575,575,42
1720,104,73,3
1721,2850,822,378
1722,2297,924,511
1723,4761,1242,489
1724,2115,1000,49
1725,5032,490,657
1726,4378,789,345
1727,6040,1309,505
1728,5580,792,390
1729,4897,974,229
1730,6499,1046,516
1731,2903,2021,442
1732,95,25,87
1733,8319,3280,3029
1734,2762,1904,1768
1735,34,154,14
1736,897,488,132
1737,1067,397,58
1738,1602,1322,209
1739,407,314,80
1740,6641,1989,315
1741,1880,641,380
1742,40,40,7
1743,4738,2401,350
1744,1113,664,74
1745,5421,3448,424
1746,8083,1985,695
1747,501,415,38
1748,6749,989,1091
1749,1126,886,236
1750,5794,1581,1203
1751,667,564,339
1752,198,180,21
1753,5101,1499,255
1754,6030,3242,2115
1755,4968,1614,210
1756,499,309,40
1757,3540,1097,275
1758,4091,1279,491
1759,202,208,10
1760,2587,704,141
1761,2008,801,219
1762,5573,1152,303
1763,5281,454,532
1764,288,297,87
1765,8640,1791,477
1766,0,28,0
1767,9554,1202,674
1768,16,82,6
1769,26,15,77
1770,9258,1795,668
1771,38,23,39
1772,9317,4464,413
1773,2559,1792,367
1774,10,3,16
1775,3426,884,1747
1776,8368,1662,1120
1777,779,482,126
1778,8187,2043,380
1779,11166,3477,490
1780,2575,2198,1063
1781,1338,905,205
1782,49,68,12
1783,4679,2057,241
1784,1099,523,88
1785,62,13,8
1786,3892,768,572
1787,2940,763,158
1788,6349,858,170
1789,4754,1333,192
1790,5929,1380,326
1791,7995,2147,821
1792,3911,3126,90
1793,5647,1397,264
1794,2724,1003,465
1795,8167,967,515
1796,3403,743,1198
1797,9326,1909,755
1798,4151,1492,351
1799,7391,1040,491
1800,3384,1466,88
1801,6349,985,300
1802,974,495,174
1803,1944,714,290
1804,0,24,0
1805,8155,1456,438
1806,5217,423,571
1807,81,855,15
1808,5217,468,747
1809,49,2234,21
1810,5664,1149,513
1811,752,3665,51
1812,4384,886,209
1813,886,360,101
1814,52,67,104
1815,3346,3513,239
1816,900,295,3453
1817,4550,3233,4842
1818,345,118,10
1819,7096,1343,2759
1820,973,1053,60
1821,6697,2040,244
1822,1538,537,79
1823,104,84,3
1824,8182,2408,387
1825,2849,717,379
1826,2353,871,455
1827,4752,1196,498
1828,5023,479,666
1829,4386,821,337
1830,5995,1384,550
1831,5565,777,405
1832,4910,960,216
1833,6455,1049,560
1834,2991,2057,354
1835,1057,573,207
1836,75,38,107
1837,8416,3446,2932
1838,2869,1780,1661
1839,901,520,128
1840,1061,407,64
1841,1620,995,191
1842,449,450,38
1843,6660,2100,296
1844,1931,734,329
1845,39,41,8
1846,79,163,32
1847,4757,2231,331
1848,1109,711,78
1849,5415,2831,430
1850,516,458,23
1851,6742,1066,1098
1852,1092,778,270
1853,5800,1419,1197
1854,654,526,352
1855,201,164,18
1856,5091,1528,265
1857,6732,1509,698
1858,5967,3291,2178
1859,4271,3375,382
1860,4037,2097,35
1861,101,93,26
1862,10029,2638,921
1863,6981,558,172
1864,2,248,1
1865,4408,1506,258
1866,7762,1569,1394
1867,7817,941,265
1868,305,134,2
1869,187,172,317
1870,580,52,493
1871,7325,1625,544
1872,5930,1995,875
1873,2648,596,367
1874,33,381,12
1875,8088,3682,287
1876,702,316,163
1877,265,484,116
1878,6049,1216,520
1879,10806,1494,153
1880,87,56,30
1881,290,243,93
1882,5132,2676,1239
1883,4075,1114,242
1884,5021,1324,655
1885,8403,924,364
1886,117,139,215
1887,386,89,49
1888,9639,1287,799
1889,6888,1946,1116
1890,4155,1310,408
1891,4387,2579,325
1892,2255,972,70
1893,36,459,28
1894,8528,2140,704
1895,3805,953,269
1896,15,75,6
1897,2781,2645,1391
1898,8261,2232,752
1899,1090,434,144
1900,990,348,159
1901,8955,2251,499
1902,1766,1082,16
1903,1123,407,203
1904,44,54,52
1905,6381,1243,879
1906,508,95,9
1907,10712,1361,297
1908,5161,2444,509
1909,1799,954,24
1910,39,67,7
1911,8594,2239,544
1912,6874,653,188
1913,61,56,3
1914,117,151,305
1915,4702,2014,155
1916,9612,1688,777
1917,4670,1016,766
1918,136,44,218
1919,780,291,22
1920,6640,1716,305
1921,7007,1648,558
1922,3588,1916,229
1923,7547,1686,644
1924,8077,2254,470
1925,1126,723,177
1926,1204,582,329
1927,8552,1802,637
1928,999,284,201
1929,11995,2217,467
1930,5944,759,101
1931,27,35,3
1932,3008,1515,338
1933,6042,1750,607
1934,7828,1083,290
1935,7366,658,179
1936,763,131,325
1937,217,62,309
1938,6733,1709,477
1939,5732,2789,709
1940,2492,648,84
1941,27,22,6
1942,9383,2238,481
1943,2657,1307,197
1944,57,29,113
1945,582,1295,518
1946,56,103,222
1947,5303,1392,970
1948,4065,2684,430
1949,9372,2495,1031
1950,1534,451,249
1951,1132,316,170
1952,8465,1409,155
1953,1292,822,21
1954,254,227,17
1955,10016,1480,685
1956,6492,2318,346
1957,3965,1474,126
1958,2177,576,8
1959,55,79,42
1960,6644,1983,552
1961,6168,698,209
1962,69,48,81
1963,3533,1322,504
1964,9149,1767,1962
1965,2918,1319,167
1966,940,195,275
1967,333,301,90
1968,9111,1693,1292
1969,5191,2793,214
1970,0,316,28
1971,444,255,94
1972,5569,1603,330
1973,3966,2170,292
1974,4393,3449,260
1975,4041,2078,31
1976,98,98,29
1977,10060,2612,890
1978,6997,583,156
1979,4163,1075,778
1980,2,238,1
1981,4400,1404,266
1982,7799,1577,1357
1983,7821,991,261
1984,169,167,335
1985,397,43,676
1986,7324,1722,545
1987,5873,2086,932
1988,2658,720,357
1989,34,436,11
1990,159,132,171
1991,8084,3657,291
1992,690,310,175
1993,211,471,170
1994,6037,1235,532
1995,88,53,29
1996,297,196,86
1997,5254,2585,1117
1998,4100,1185,217
1999,5148,1317,528
2000,8413,912,354
2001,11169,3801,107
2002,801,321,203
2003,117,154,215
2004,373,102,62
2005,9828,1294,610
2006,6999,1675,1005
2007,2254,943,71
2008,36,279,28
2009,8507,2050,725
2010,3806,1043,268
2011,6,60,15
2012,2773,2589,1399
2013,6690,1645,380
2014,8053,2253,960
2015,1086,467,148
2016,988,346,161
2017,8939,2210,515
2018,1173,535,153
2019,38,42,58
2020,6460,1184,800
2021,509,104,8
2022,10711,1312,298
2023,5339,2309,331
2024,6201,1802,491
2025,1806,999,17
2026,40,56,6
2027,8627,2199,511
2028,6846,578,216
2029,146,166,276
2030,4634,1676,223
2031,9280,1736,1109
2032,4681,1107,755
2033,161,79,193
2034,734,285,68
2035,3376,1927,119
2036,6642,1714,303
2037,6974,1708,591
2038,3611,1931,206
2039,7523,1745,668
2040,1120,848,183
2041,1160,551,373
2042,8575,1802,614
2043,1013,312,187
2044,9543,2908,369
2045,853,575,0
2046,8227,1818,527
2047,11822,7106,97
2048,17761,4396,156
2049,8573,3071,224
2050,358,2788,20
2051,10482,5572,517
2052,8509,4426,90
2053,0,0,2
2054,8353,4490,170
2055,4045,449,41
2056,11456,3758,820
2057,1042,978,203
2058,3948,1591,438
2059,11123,4476,97
2060,8586,3285,61
2061,13453,4818,656
2062,8980,4266,117
2063,0,971,0
2064,5651,9454,178
2065,15669,3143,287
2066,17700,2847,402
2067,0,1,0
2068,964,541,341
2069,3933,2808,43
2070,8491,2298,944
2071,4492,2516,103
2072,9121,2279,531
2073,1178,1747,324
2074,3772,498,31
2075,9444,3225,438
2076,4871,945,209
2077,10640,3481,428
2078,12783,5921,667
2079,8604,2071,407
2080,17810,3885,376
2081,0,364,0
2082,4390,1777,55
2083,9701,6501,375
2084,9177,3739,440
2085,2148,588,57
2086,15340,2457,1186
2087,2474,1125,4
2088,10550,3602,709
2089,14358,3871,463
2090,866,392,203
2091,8170,3751,279
2092,765,743,246
2093,4017,263,224
2094,10459,2869,624
2095,4604,1737,75
2096,10972,4421,322
2097,10059,2512,206
2098,849,1207,2
2099,0,139,0
2100,4345,2580,216
2101,950,1276,741
2102,7895,3357,146
2103,755,1756,243
2104,11362,4933,400
2105,1203,749,277
2106,13546,2017,526
2107,9312,2433,161
2108,13114,4693,279
2109,9046,3923,171
2110,606,1023,351
2111,4693,900,91
2112,8338,2863,38
2113,4149,656,12
2114,0,41,0
2115,4863,2172,118
2116,8717,3503,118
2117,10175,1315,378
2118,1824,636,1
2119,15782,2233,914
2120,14174,5989,146
2121,0,24,0
2122,14326,4996,540
2123,0,297,0
2124,17590,1399,731
2125,4392,1670,135
2126,11150,5698,670
2127,9459,2848,128
2128,13698,5069,631
2129,8378,3263,210
2130,9643,2744,269
2131,853,562,0
2132,11838,7276,81
2133,17743,4119,174
2134,8585,3013,212
2135,1943,2786,0
2136,334,1940,44
2137,10557,5818,442
2138,8522,4665,77
2139,0,0,2
2140,8351,4527,172
2141,4002,563,84
2142,11585,3732,691
2143,3992,1940,394
2144,11134,4728,86
2145,8590,3181,57
2146,19227,1242,398
2147,13417,4839,692
2148,8976,4471,121
2149,0,575,0
2150,5618,9820,211
2151,15721,3818,235
2152,17498,2571,604
2153,0,44,0
2154,3942,3263,34
2155,8493,2583,942
2156,4566,2734,29
2157,10282,1509,3193
2158,9120,2270,532
2159,1253,2054,249
2160,3752,827,51
2161,9473,2970,409
2162,4878,1244,202
2163,10620,2939,448
2164,12893,6116,557
2165,17833,4075,353
2166,0,381,0
2167,4366,1363,79
2168,9528,3031,493
2169,9693,6288,383
2170,9176,4067,441
2171,2147,495,58
2172,15287,2400,1239
2173,2475,1001,3
2174,10524,3483,735
2175,14462,4036,359
2176,8181,3922,268
2177,694,280,317
2178,3875,274,366
2179,4590,2771,161
2180,10514,2998,569
2181,4609,1522,70
2182,3006,1115,30
2183,8827,3689,541
2184,18232,2043,109
2185,8063,1719,299
2186,12884,2189,773
2187,10888,3291,308
2188,14170,3547,279
2189,2837,358,6
2190,7302,2429,230
2191,5736,2464,151
2192,6287,2394,137
2193,12264,412,678
2194,7957,536,196
2195,4278,2042,59
2196,6326,3354,93
2197,19611,1956,88
2198,6556,1103,483
2199,7891,4579,205
2200,9506,3396,60
2201,4860,2188,238
2202,16964,2861,644
2203,4024,252,19
2204,5676,3463,79
2205,5264,2188,40
2206,13434,773,128
2207,6712,501,224
2208,3866,1336,192
2209,9011,4903,370
2210,18038,2572,136
2211,7607,1365,382
2212,13345,4175,525
2213,10877,3653,580
2214,11266,3080,288
2215,15193,4032,432
2216,3009,285,5
2217,5493,2335,59
2218,5708,3063,88
2219,12707,980,97
2220,7903,667,172
2221,4336,1393,26
2222,7354,3352,248
2223,18436,2813,161
2224,13414,3760,860
2225,361,747,477
2226,18941,2016,48
2227,5818,1683,23
2228,5163,8616,181
2229,9260,2682,156
2230,17545,2807,354
2231,3626,260,2
2232,5698,2827,703
2233,6752,1948,358
2234,13544,830,137
2235,6770,679,221
2236,20,54,0
2237,3332,1308,3
2238,9239,4541,306
2239,19475,1720,99
2240,6641,2252,64
2241,10102,2579,337
2242,12406,2209,177
2243,15562,3247,549
2244,3310,336,1
2245,5273,2063,295
2246,5291,1760,341
2247,6262,3213,546
2248,12377,675,175
2249,8301,676,171
2250,4197,2565,41
2251,6741,3678,48
2252,20126,2072,110
2253,5377,2043,41
2254,8118,4738,194
2255,12209,3301,456
2256,16797,3937,232
2257,2355,281,0
2258,136,35,3
2259,6466,1457,731
2260,7791,2717,268
2261,12112,627,130
2262,6782,1321,11
2263,3996,1138,33
2264,7905,5812,151
2265,19857,2284,395
2266,6339,2842,51
2267,7810,4509,82
2268,12513,2084,170
2269,5651,2391,36
2270,16076,2954,182
2271,3490,363,8
2272,5540,2293,188
2273,5418,1424,144
2274,13249,482,158
2275,8230,460,430
2276,4697,1280,161
2277,6297,3928,96
2278,20343,2178,139
2279,7275,2285,153
2280,155,72,1
2281,11297,3586,703
2282,10956,4599,255
2283,14166,5098,203
2284,2510,332,25
2285,5495,2924,522
2286,7682,2125,295
2287,12008,580,177
2288,7702,695,91
2289,4664,1401,23
2290,6873,4596,95
2291,9119,2567,1555
2292,20459,2158,103
2293,6108,2307,83
2294,8116,3694,193
2295,11551,2658,116
2296,16342,3786,162
2297,3714,413,1
2298,2728,6552,90
2299,5100,2209,131
2300,14778,754,172
2301,6781,662,459
2302,13982,3461,2218
2303,2999,1160,37
2304,8795,3433,573
2305,18238,2016,103
2306,8091,1666,271
2307,12925,2273,732
2308,10883,3136,313
2309,14276,3619,173
2310,2842,366,1
2311,5736,2394,151
2312,6299,2691,125
2313,14,2,4
2314,12281,408,661
2315,7889,531,264
2316,4262,1693,75
2317,6320,3141,99
2318,19612,2107,87
2319,6788,1172,251
2320,7885,4299,211
2321,9510,2838,56
2322,17018,3101,590
2323,4028,258,15
2324,9575,2446,3079
2325,5658,3134,97
2326,5263,2127,41
2327,13447,759,115
2328,6697,516,239
2329,3887,1389,171
2330,8985,4452,396
2331,18079,2673,95
2332,7709,1545,280
2333,10844,3363,613
2334,11183,3021,371
2335,8579,3339,141
2336,10439,2569,2620
2337,15174,3726,451
2338,3012,290,2
2339,5495,2088,57
2340,5699,2923,97
2341,12695,772,109
2342,7910,639,165
2343,4328,1351,34
2344,7304,3411,298
2345,18934,2115,55
2346,5823,1909,18
2347,5980,1837,640
2348,5175,8439,169
2349,9262,2618,154
2350,17534,2845,365
2351,3627,297,1
2352,5728,2827,673
2353,6763,1928,347
2354,13537,794,144
2355,6803,763,188
2356,3332,1347,3
2357,9227,4380,318
2358,11850,6026,1092
2359,19482,1874,92
2360,6668,2386,37
2361,10039,2425,400
2362,12416,2181,167
2363,15697,3197,414
2364,3311,299,0
2365,5231,2020,337
2366,5279,1834,353
2367,12389,652,163
2368,8345,622,127
2369,588,1163,669
2370,4196,2206,42
2371,6753,3928,36
2372,20117,2072,119
2373,5308,2012,110
2374,8101,4366,211
2375,11152,6737,436
2376,787,867,416
2377,109,84,19
2378,9910,613,2177
2379,5055,364,423
2380,8823,9571,417
2381,0,876,0
2382,5129,591,2
2383,12992,7157,262
2384,2755,3646,52
2385,8623,3768,1327
2386,5180,2044,297
2387,10778,1968,2622
2388,7049,2822,1002
2389,11633,5977,1539
2390,606,437,1039
2391,230,44,7
2392,5674,7994,376
2393,8686,2193,1417
2394,41,121,0
2395,8922,1533,905
2396,5321,335,260
2397,18548,1061,3305
2398,10988,2546,402
2399,38,31,0
2400,12178,1932,1513
2401,52,304,31
2402,8627,3516,203
2403,15159,2892,548
2404,9370,1726,1936
2405,864,1743,623
2406,12992,4679,1537
2407,674,1815,983
2408,300,20,12
2409,9265,1912,60
2410,3488,1105,34
2411,19922,995,4060
2412,1385,4300,1
2413,19025,1363,1904
2414,18393,2001,487
2415,11094,2348,376
2416,7352,1678,417
2417,4877,3456,102
2418,8018,1550,595
2419,6665,1696,578
2420,7113,2680,30
2421,5270,1506,148
2422,11289,7003,143
2423,9551,960,1292
2424,594,60,37
2425,0,103,0
2426,9949,1164,1185
2427,3647,992,13
2428,19718,1172,916
2429,9457,2618,564
2430,9,19,0
2431,9725,2943,239
2432,7838,2204,317
2433,5977,1549,193
2434,10970,7674,119
2435,252,750,348
2436,3950,2834,63
2437,17903,1857,1070
2438,222,261,33
2439,10348,7535,243
2440,1057,1513,634
2441,4143,573,18
2442,17697,1502,624
2443,1943,2798,0
2444,19196,1141,429
2445,10499,1624,2976
2446,9589,3110,432
2447,8313,2067,780
2448,4445,2806,306
2449,7373,2471,159
2450,4873,2225,225
2451,13366,4737,504
2452,358,779,480
2453,20,56,0
2454,6189,3015,619
2455,136,30,3
2456,5646,2218,41
2457,155,70,1
2458,1100,460,395
2459,9208,2585,1466
2460,13904,3288,2296
2461,14,2,4
2462,9711,2408,2943
2463,10587,2740,2472
2464,6144,1901,476
2465,11790,6025,1152
2466,663,1453,594
2467,11169,7156,419
2468,825,1490,378
2469,8503,2285,174
2470,12956,1294,634
2471,110,81,18
2472,9859,586,2228
2473,5114,378,364
2474,8809,9393,431
2475,5128,579,3
2476,12822,7154,432
2477,2772,3598,35
2478,8567,3723,1383
2479,5239,1913,238
2480,10870,1928,2530
2481,9353,1739,174
2482,6961,2781,1090
2483,11628,6044,1544
2484,934,669,711
2485,231,50,6
2486,8624,2300,1479
2487,41,122,0
2488,9295,1687,532
2489,5349,347,232
2490,19396,1084,2457
2491,10925,2342,465
2492,13529,4081,335
2493,38,37,0
2494,11406,1848,2285
2495,56,304,27
2496,8622,3324,208
2497,5690,511,698
2498,2401,2101,1089
2499,151,16,9
2500,10363,1184,1120
2501,856,54,642
2502,923,963,44
2503,8448,2758,139
2504,5976,1810,1573
2505,6748,803,969
2506,8617,4104,171
2507,17656,2787,1066
2508,17556,1991,1247
2509,3083,201,192
2510,8299,1484,292
2511,7936,1420,694
2512,15839,815,340
2513,6905,443,386
2514,724,899,271
2515,2664,943,21
2516,8327,3335,845
2517,15634,1252,1151
2518,8273,1078,117
2519,11515,2352,369
2520,8804,2362,551
2521,203,159,20
2522,4784,1113,118
2523,2132,1002,1950
2524,4,0,3
2525,4316,192,186
2526,9242,2094,794
2527,564,748,183
2528,5995,4271,139
2529,11154,3388,595
2530,14332,1300,426
2531,7545,391,835
2532,3379,1743,25
2533,8224,2325,1217
2534,15486,1158,640
2535,7272,949,223
2536,0,29,0
2537,11109,3988,329
2538,14451,2138,872
2539,17385,2644,1634
2540,2778,286,1
2541,6862,2386,327
2542,7493,1754,1482
2543,915,1953,80
2544,4890,820,469
2545,8791,2281,1078
2546,96,31,17
2547,4054,1775,64
2548,5556,711,227
2549,1902,2064,568
2550,3593,1280,19
2551,9898,3448,1175
2552,17471,1127,259
2553,7827,446,524
2554,11080,2755,781
2555,16422,2610,573
2556,16715,2204,808
2557,2139,433,0
2558,8466,2858,81
2559,6689,3238,544
2560,7633,1677,524
2561,15145,1030,194
2562,7409,449,228
2563,2630,840,6
2564,7464,2228,1001
2565,16271,1692,1138
2566,1688,170,91
2567,7055,1804,2535
2568,3026,848,701
2569,9665,1515,246
2570,3336,1713,362
2571,7848,3148,1236
2572,70,1,51
2573,17582,3183,464
2574,18493,2349,827
2575,3184,131,69
2576,8602,2188,595
2577,11096,2237,991
2578,16439,697,1885
2579,6573,643,344
2580,309,2640,35
2581,1536,501,0
2582,2837,1243,113
2583,7878,2480,1373
2584,15156,1196,602
2585,7446,1628,137
2586,9976,5558,501
2587,14041,2500,978
2588,15152,2907,2593
2589,3402,285,10
2590,11736,1089,1404
2591,855,492,485
2592,16066,2187,1104
2593,1635,319,235
2594,7247,1379,1469
2595,1916,1398,298
2596,3171,1137,882
2597,13023,598,393
2598,7752,352,375
2599,4297,1323,80
2600,9804,2129,1146
2601,17233,1676,637
2602,7454,865,520
2603,15003,4412,171
2604,11431,2264,433
2605,15675,3029,1289
2606,18965,1861,1726
2607,2531,240,4
2608,5768,4498,398
2609,7966,2553,697
2610,13345,783,45
2611,7942,392,235
2612,5619,445,769
2613,2642,2068,848
2614,0,100,0
2615,147,6,13
2616,10334,1189,1149
2617,989,79,509
2618,862,840,105
2619,5952,1757,1597
2620,6828,784,889
2621,8608,4118,180
2622,17618,2774,1104
2623,17751,2193,1052
2624,3102,203,173
2625,4331,1336,178
2626,8314,1520,277
2627,7921,1633,709
2628,15857,778,322
2629,6895,459,396
2630,2656,888,29
2631,8280,3071,892
2632,15578,1277,1207
2633,8273,1218,117
2634,11446,2612,438
2635,8808,2714,547
2636,9105,2169,572
2637,197,135,26
2638,4800,1174,102
2639,2532,1049,1550
2640,4,0,3
2641,9287,2162,749
2642,598,723,149
2643,5996,4214,138
2644,11150,3349,599
2645,14323,1255,435
2646,7735,374,645
2647,577,300,710
2648,3399,1864,5
2649,8272,2412,1169
2650,15533,1186,593
2651,7284,977,211
2652,11125,4546,313
2653,14514,2063,809
2654,17405,2677,1614
2655,2777,334,2
2656,6767,2352,422
2657,7429,1723,1546
2658,3671,425,44
2659,924,1861,71
2660,4945,830,414
2661,8834,2505,1035
2662,100,43,13
2663,5446,796,337
2664,1815,1935,655
2665,3591,1287,21
2666,9954,3440,1119
2667,17511,1301,219
2668,7780,478,571
2669,9664,2735,630
2670,11023,2680,838
2671,16459,2683,536
2672,16718,2185,805
2673,2139,433,0
2674,6696,3349,537
2675,7623,1643,534
2676,15120,1030,219
2677,7436,434,201
2678,2630,798,6
2679,7439,2158,1026
2680,4695,1004,195
2681,16222,1805,1187
2682,391,1200,135
2683,18654,1425,7955
2684,492,1151,60
2685,13093,5748,566
2686,135,599,195
2687,11984,7696,253
2688,11521,5118,68
2689,3844,2147,49
2690,140,62,5
2691,9282,4762,1019
2692,10786,2995,382
2693,4917,2701,15
2694,13479,3350,951
2695,56,10,3
2696,12192,2493,565
2697,26,12,3
2698,11095,2481,2751
2699,2,664,0
2700,12340,1878,2091
2701,133,210,7
2702,6174,823,3645
2703,13064,5754,493
2704,96,30,10
2705,6672,2624,79
2706,44,20,5
2707,7229,2060,351
2708,3377,2687,11
2709,114,104,15
2710,10780,2771,358
2711,195,525,1
2712,10266,2658,1228
2713,23,31,4
2714,18204,3235,255
2715,5419,1900,428
2716,41,83,3
2717,6146,698,252
2718,160,118,59
2719,4325,2062,99
2720,226,59,44
2721,2605,2367,34
2722,17713,1439,1215
2723,4096,2334,56
2724,17722,1481,1404
2725,0,8,0
2726,6084,655,0
2727,14511,3129,585
2728,11163,3421,308
2729,335,74,13
2730,2073,1676,94
2731,13690,2604,554
2732,2552,925,395
2733,639,520,6
2734,10447,1734,3273
2735,912,259,10
2736,4423,1667,71
2737,9353,2879,416
2738,995,91,55
2739,9000,2274,571
2740,524,360,4
2741,8762,2108,1237
2742,237,148,7
2743,10199,2812,430
2744,369,140,0
2745,10000,4295,94
2746,46,17,8
2747,9180,5610,525
2748,6536,2061,212
2749,13931,2631,154
2750,7572,1628,33
2751,5002,3118,1220
2752,0,0,5
2753,14467,2750,2229
2754,1832,1379,219
2755,14253,2248,134
2756,2243,1186,377
2757,15212,2288,334
2758,9021,3418,454
2759,2604,552,927
2760,14483,3216,729
2761,2871,474,360
2762,6955,2414,232
2763,7584,1264,3754
2764,6981,2044,177
2765,5524,3036,39
2766,7927,2058,288
2767,5845,3048,81
2768,4890,3688,191
2769,2492,286,103
2770,15224,2437,478
2771,0,0,5
2772,7685,1253,285
2773,3779,4477,879
2774,7092,1112,95
2775,4933,3248,942
2776,6032,824,215
2777,6871,2035,1824
2778,5995,847,420
2779,4994,2641,450
2780,15581,1752,1070
2781,395,846,131
2782,18606,1381,8003
2783,494,1190,58
2784,13197,5882,462
2785,132,666,198
2786,11909,7652,328
2787,11511,5223,78
2788,3782,1744,111
2789,141,70,4
2790,4895,2676,37
2791,14371,4429,462
2792,13593,3611,837
2793,57,16,2
2794,12312,2458,445
2795,24,6,5
2796,11353,2740,2493
2797,2,742,0
2798,12626,1602,1805
2799,135,65,5
2800,6941,852,2878
2801,92,24,14
2802,8480,4161,99
2803,0,6,0
2804,6679,2724,72
2805,44,19,5
2806,7216,1945,364
2807,3367,2561,21
2808,110,85,19
2809,10815,3009,323
2810,195,513,1
2811,10245,2608,1249
2812,23,26,4
2813,5445,1864,402
2814,3964,546,496
2815,43,46,1
2816,6176,642,222
2817,152,61,67
2818,4345,2170,79
2819,214,42,56
2820,2601,2506,38
2821,17830,1410,1098
2822,4097,2370,55
2823,17691,1523,1435
2824,6078,613,6
2825,11107,3416,573
2826,14457,3257,639
2827,11162,2767,309
2828,335,60,13
2829,2070,1207,97
2830,13688,2662,556
2831,2618,686,329
2832,640,508,5
2833,10387,1568,3333
2834,914,317,8
2835,9379,2665,390
2836,8987,1765,124
2837,988,88,62
2838,8899,2016,672
2839,523,383,5
2840,8762,2148,1237
2841,5082,2901,123
2842,4473,1378,232
2843,13009,2372,208
2844,4609,1309,53
2845,1688,1710,155
2846,8563,2564,317
2847,13702,3849,532
2848,7531,2034,130
2849,2936,188,22
2850,595,1286,107
2851,5394,1923,1713
2852,4120,655,17
2853,5205,1296,32
2854,1914,368,356
2855,2062,2170,287
2856,13086,1565,139
2857,8990,1758,1019
2858,7876,3102,161
2859,3568,548,1756
2860,2153,836,567
2861,4183,1389,152
2862,9525,1320,707
2863,7870,1645,360
2864,2653,345,111
2865,1066,3522,79
2866,3473,2498,234
2867,10155,688,131
2868,5697,668,36
2869,9505,2736,442
2870,3864,4316,68
2871,4550,2291,198
2872,9963,2072,125
2873,3799,1430,29
2874,3143,1678,102
2875,10607,2002,193
2876,9066,1537,161
2877,1991,281,19
2878,2915,4351,656
2879,2765,2414,239
2880,743,518,0
2881,1654,1086,1047
2882,5374,435,589
2883,8169,2195,216
2884,2577,2089,136
2885,5689,1963,252
2886,6455,1853,215
2887,4800,843,262
2888,4614,1819,6
2889,1659,1753,28
2890,8971,2731,341
2891,12236,6854,77
2892,8266,1751,140
2893,2338,61,7
2894,546,2311,251
2895,5415,2200,131
2896,5364,587,118
2897,7403,1265,117
2898,1683,1118,25
2899,2877,1249,623
2900,12110,2110,96
2901,4017,411,83
2902,18390,2789,207
2903,4591,3199,1269
2904,10769,1507,374
2905,4291,974,1002
2906,5592,1641,800
2907,7323,4046,377
2908,1847,615,60
2909,8957,3060,569
2910,789,760,170
2911,9792,1170,89
2912,5387,609,109
2913,2536,832,1
2914,8494,2382,183
2915,5921,2663,81
2916,4769,1880,326
2917,10636,2191,107
2918,4434,2223,45
2919,1391,1559,155
2920,7232,1783,291
2921,6672,2159,110
2922,3494,365,11
2923,1315,1010,1099
2924,3516,1915,304
2925,302,1806,42
2926,5219,1364,77
2927,6703,758,185
2928,4904,1663,413
2929,9542,3050,451
2930,2180,463,108
2931,9036,1526,288
2932,4174,2002,599
2933,3784,5438,620
2934,3631,2411,176
2935,10377,2614,345
2936,9160,5092,1141
2937,10741,1777,296
2938,1633,107,4
2939,201,3965,154
2940,5571,1627,385
2941,8711,785,46
2942,6381,990,38
2943,2525,1359,471
2944,3340,1852,318
2945,9423,1987,149
2946,3143,1274,18
2947,8488,4263,91
2948,2144,1388,128
2949,8412,2678,181
2950,5490,1306,237
2951,3065,184,2
2952,9096,1186,1119
2953,4786,1953,547
2954,9478,2085,417
2955,2013,1259,154
2956,2053,772,281
2957,4742,1397,295
2958,2534,898,3
2959,5115,2857,90
2960,4402,1288,303
2961,13005,2183,212
2962,4616,1356,46
2963,1691,1857,152
2964,8585,2541,295
2965,7544,1970,117
2966,2936,188,22
2967,557,1063,145
2968,5413,1933,1694
2969,11166,4161,796
2970,4111,631,26
2971,5201,1326,36
2972,1908,331,362
2973,2045,2028,304
2974,13092,1690,133
2975,9032,1644,977
2976,3620,535,1704
2977,2209,856,511
2978,4200,1234,135
2979,9597,1341,635
2980,14175,3671,490
2981,7900,1830,330
2982,2682,341,82
2983,1066,3330,79
2984,3517,2761,190
2985,10101,577,185
2986,5705,704,28
2987,3853,4069,79
2988,4561,2248,187
2989,9966,1992,122
2990,3806,1437,22
2991,8567,2641,316
2992,3139,1618,106
2993,10573,1793,227
2994,9054,1615,173
2995,1992,285,18
2996,2818,3908,753
2997,2748,2364,256
2998,1641,1111,1060
2999,5327,479,636
3000,8165,2274,220
3001,2575,2092,138
3002,570,334,327
3003,5693,2097,248
3004,6436,1744,234
3005,4737,781,325
3006,4612,1808,8
3007,1659,2003,28
3008,9009,2769,303
3009,8268,1776,138
3010,2332,45,13
3011,470,2029,327
3012,5388,2215,158
3013,4046,213,277
3014,5365,599,117
3015,7419,1173,101
3016,1669,1090,39
3017,2730,1485,770
3018,12106,2126,100
3019,4014,387,86
3020,4872,3404,988
3021,10764,1471,379
3022,4102,1193,1191
3023,5646,1720,746
3024,11131,3949,831
3025,10266,2488,555
3026,7340,4064,360
3027,1860,557,47
3028,9032,3148,494
3029,799,778,160
3030,969,1508,609
3031,4283,505,52
3032,17658,1656,910
3033,2270,3231,0
3034,20190,1275,609
3035,11186,1944,2172
3036,4509,1628,66
3037,9736,3914,389
3038,4667,3357,141
3039,12324,7350,273
3040,1175,1881,260
3041,99,46,25
3042,9570,1024,1766
3043,5057,564,307
3044,8736,9997,440
3045,5187,798,9
3046,13097,7169,176
3047,10955,3730,625
3048,2642,3943,39
3049,8842,5944,921
3050,4716,1906,296
3051,10969,2723,2351
3052,7713,2710,833
3053,12010,6919,1239
3054,1406,1115,263
3055,213,137,16
3056,8932,2753,883
3057,1405,4104,1
3058,9220,2772,208
3059,19065,1530,1067
3060,11013,3457,328
3061,7665,2544,333
3062,4998,3867,114
3063,8240,3141,514
3064,6860,2207,267
3065,7254,2993,75
3066,4785,2657,100
3067,11431,6781,245
3068,9763,1070,1021
3069,950,688,1
3070,756,27,28
3071,9690,1166,1129
3072,3810,859,78
3073,19290,1113,862
3074,9982,4174,355
3075,7277,2840,128
3076,5349,2225,208
3077,13999,5228,406
3078,377,1297,403
3079,8,16,0
3080,0,19,0
3081,6495,3345,600
3082,133,21,7
3083,5055,3580,40
3084,101,106,2
3085,9058,2880,1338
3086,14973,4586,1809
3087,3,0,8
3088,9090,3065,3353
3089,10734,2948,2298
3090,5944,2313,433
3091,4707,2353,177
3092,12342,8216,612
3093,873,785,530
3094,113,145,0
3095,8935,1690,672
3096,5611,451,131
3097,19692,1384,2358
3098,11167,2930,516
3099,62,111,0
3100,11678,2773,1850
3101,67,271,21
3102,8037,2440,108
3103,9023,4188,193
3104,10366,1925,1827
3105,1090,2046,380
3106,14049,6132,1291
3107,1156,2575,544
3108,431,218,17
3109,9486,2531,57
3110,2990,1734,124
3111,21419,1175,2959
3112,9404,4027,182
3113,763,2082,261
3114,8418,2556,314
3115,6355,2042,130
3116,10889,9738,116
3117,209,861,270
3118,19202,3117,665
3119,145,86,35
3120,10407,8443,258
3121,965,1247,613
3122,4240,471,95
3123,17839,1672,729
3124,10756,4432,230
3125,2270,3500,0
3126,20273,1237,526
3127,11087,2061,2271
3128,9711,4296,414
3129,4613,3369,195
3130,12250,7586,347
3131,1146,2120,289
3132,99,53,25
3133,9612,1094,1724
3134,5039,484,325
