# Stats for class 0
0,5701,360,27
1,1186,83,93
2,11725,511,157
3,6357,171,57
4,5124,164,91
5,511,72,9
6,4602,162,61
7,219,50,26
8,2637,214,182
9,2935,164,69
10,6753,446,154
11,3494,131,28
12,9184,657,494
13,643,228,52
14,387,46,20
15,0,0,0
16,4084,154,104
17,127,11,39
18,4731,148,157
19,10801,333,241
20,4950,311,283
21,3731,121,118
22,5721,332,399
23,4563,153,74
24,5972,312,324
25,2599,90,319
26,4012,242,49
27,7561,144,298
28,5545,97,279
29,0,0,0
30,5117,150,112
31,321,111,20
32,4227,72,116
33,9954,144,608
34,5792,287,160
35,4323,128,551
36,2977,171,84
37,10372,287,355
38,994,354,6
39,0,0,0
40,3990,107,100
41,0,0,0
42,3776,172,105
43,0,0,0
44,4019,94,160
45,3545,165,45
46,2045,138,1391
47,7059,296,79
48,3662,639,106
49,1101,39,0
50,1854,404,31
51,2665,176,89
52,4463,149,159
53,2404,160,175
54,3493,106,1449
55,0,38,0
56,2065,81,99
57,5366,151,190
58,6477,75,146
59,5670,669,53
60,1527,70,7
61,6178,258,168
62,1048,55,9
63,259,4,10
64,2207,444,41
65,6741,1058,258
66,2908,390,33
67,5596,330,121
68,5595,307,157
69,11544,900,106
70,741,168,52
71,3160,43,132
72,2011,572,1299
73,0,0,0
74,2170,69,50
75,5775,305,284
76,7390,585,234
77,2032,70,26
78,5723,369,177
79,0,0,0
80,7793,404,96
81,1765,27,28
82,3676,197,14
83,5126,243,151
84,3762,146,112
85,1991,200,1623
86,6157,532,58
87,1066,54,24
88,5838,281,103
89,1088,257,26
90,2558,189,58
91,594,0,130
92,3601,232,125
93,4230,168,44
94,7285,1387,223
95,1057,109,38
96,4651,345,147
97,841,26,112
98,2161,242,89
99,3364,100,72
100,4911,357,60
101,2054,145,15
102,7847,397,220
103,2758,165,1478
104,0,0,0
105,2311,168,64
106,6023,268,212
107,3573,436,36
108,1984,118,35
109,3988,222,107
110,2443,168,1507
111,4105,367,96
112,2110,11,1841
113,6525,366,82
114,2548,104,56
115,397,53,8
116,1158,43,38
117,6027,470,227
118,2450,96,92
119,4274,135,97
120,2374,61,196
121,3160,214,1323
122,0,0,0
123,1915,82,80
124,5461,177,211
125,12548,708,197
126,6121,857,166
127,1989,33,40
128,6025,352,157
129,0,0,0
130,1088,0,50
131,3601,149,70
132,5165,175,302
133,3557,263,27
134,1842,64,44
135,4774,7,285
136,187,0,82
137,1449,3,96
138,3502,274,68
139,1634,136,6
140,2258,232,46
141,1427,105,10
142,5906,597,183
143,7916,627,175
144,1420,143,42
145,5087,372,150
146,0,0,0
147,3198,96,58
148,2187,198,18
149,3858,103,103
150,5185,271,154
151,1845,103,73
152,2200,168,1378
153,0,0,0
154,2452,110,155
155,6471,573,167
156,3861,141,82
157,5189,550,225
158,6260,306,75
159,4054,43,166
160,4053,111,126
161,3549,169,41
162,2045,160,1391
163,3676,606,92
164,1101,41,0
165,1850,413,35
166,2658,170,96
167,4461,143,161
168,2401,100,178
169,590,80,23
170,3492,106,1450
171,0,36,0
172,2068,92,96
173,5373,163,183
174,5649,659,74
175,1528,60,6
176,6187,243,159
177,1048,44,9
178,259,5,10
179,2207,481,41
180,7320,493,159
181,6743,1167,256
182,2905,421,36
183,5590,340,127
184,5583,315,169
185,744,156,49
186,3162,46,130
187,2011,546,1299
188,0,0,0
189,2181,82,39
190,5768,317,291
191,6139,135,159
192,7402,552,222
193,2032,71,26
194,5734,393,166
195,0,0,0
196,1766,30,27
197,3677,197,13
198,5121,280,156
199,3771,121,103
200,1975,274,1639
201,6151,470,64
202,11847,307,417
203,1062,71,28
204,5827,280,114
205,1086,174,28
206,2563,189,53
207,3608,227,118
208,4235,188,39
209,7292,1366,216
210,1060,109,35
211,4655,368,143
212,841,20,112
213,6452,320,230
214,2163,247,87
215,3371,107,65
216,4905,344,66
217,2055,125,14
218,2748,183,1488
219,0,10,0
220,2312,197,63
221,6029,302,206
222,3563,536,46
223,1986,96,33
224,621,63,14
225,692,157,11
226,3996,194,99
227,2419,159,1531
228,4110,366,91
229,2108,7,1843
230,3872,108,189
231,3626,214,42
232,2061,110,1582
233,3369,765,76
234,1123,43,5
235,1890,318,28
236,0,0,0
237,2884,214,101
238,4261,141,209
239,2306,451,179
240,3335,236,1761
241,0,40,0
242,2214,97,112
243,5245,149,229
244,5752,1100,57
245,1287,50,17
246,6458,248,176
247,5482,217,379
248,1117,63,17
249,261,9,11
250,2205,510,40
251,6553,1494,336
252,2363,380,62
253,5038,459,147
254,5101,336,157
255,734,144,31
256,3544,67,147
257,1684,529,1370
258,2844,21,549
259,0,0,0
260,1899,55,41
261,6642,330,291
262,6557,326,322
263,2309,83,35
264,5192,269,238
265,0,0,0
266,1903,23,37
267,3669,197,12
268,5288,300,133
269,1035,137,12
270,4167,180,92
271,2173,176,1595
272,5817,624,58
273,871,55,20
274,5106,270,141
275,1266,126,19
276,2650,138,138
277,3716,223,152
278,4300,203,64
279,6744,1445,193
280,5340,593,104
281,1101,81,40
282,4479,283,131
283,658,46,78
284,2057,282,80
285,3565,116,59
286,4994,345,73
287,1992,179,16
288,2926,135,1446
289,0,0,0
290,2100,140,74
291,2231,145,213
292,5770,304,247
293,3445,651,65
294,1994,205,26
295,3856,198,122
296,2269,265,1198
297,4930,352,82
298,2423,17,1581
299,308,327,13
300,1184,171,53
301,5782,471,238
302,2,0,66
303,2397,89,102
304,3324,63,108
305,2510,182,164
306,3849,365,1143
307,0,0,0
308,1907,62,66
309,5492,235,289
310,5857,1110,204
311,2056,23,35
312,6158,250,231
313,3351,512,13
314,13,2,0
315,1187,2,65
316,3607,319,45
317,5015,230,274
318,3886,375,51
319,1588,144,26
320,4893,43,297
321,1508,8,75
322,3494,317,93
323,1614,180,8
324,5576,155,81
325,2165,157,88
326,1133,121,10
327,6644,515,229
328,8199,711,168
329,1653,168,49
330,4934,354,137
331,0,0,0
332,2374,204,21
333,4038,84,98
334,5194,364,199
335,0,129,0
336,2108,78,37
337,2480,103,57
338,2196,168,1512
339,0,0,0
340,2799,120,168
341,6502,732,212
342,3384,169,64
343,5209,450,176
344,3838,38,168
345,3918,111,143
346,3633,214,35
347,440,17,1132
348,2067,124,1576
349,3382,731,63
350,1124,42,4
351,1888,260,30
352,2893,219,92
353,4278,191,192
354,2303,327,182
355,3311,145,1785
356,0,51,0
357,2214,102,112
358,0,0,0
359,5252,181,222
360,5719,1115,90
361,1289,52,15
362,6461,286,173
363,1121,59,13
364,262,11,10
365,2206,529,39
366,6550,1448,339
367,2375,439,50
368,5029,389,156
369,4629,455,55
370,5104,280,154
371,737,104,28
372,3543,54,148
373,1690,531,1364
374,0,0,0
375,1907,71,33
376,6637,322,296
377,6609,347,270
378,2318,95,26
379,5190,342,240
380,6786,1011,90
381,0,0,0
382,1902,29,38
383,3669,198,12
384,5287,281,134
385,4166,170,93
386,2141,255,1627
387,5807,585,68
388,875,54,16
389,5089,256,158
390,1266,103,19
391,1542,149,119
392,2673,156,115
393,3741,166,127
394,4311,192,53
395,6740,1490,197
396,1111,117,30
397,4482,286,128
398,657,36,79
399,2059,289,78
400,3569,125,55
401,4969,344,98
402,0,792,0
403,1992,157,16
404,2925,150,1447
405,0,0,0
406,2107,189,67
407,5785,392,232
408,3443,700,67
409,1999,134,21
410,3864,181,114
411,2250,254,1217
412,4934,327,78
413,5828,237,310
414,2441,15,1563
415,950,53,134
416,6869,179,599
417,4027,117,532
418,2611,396,687
419,4240,283,213
420,5897,295,111
421,7857,373,1124
422,207,29,33
423,4217,454,854
424,1917,188,21
425,3978,64,168
426,4426,107,49
427,1885,1595,124
428,1025,83,60
429,7119,135,611
430,4786,127,546
431,655,15,187
432,4912,33,719
433,5222,178,187
434,7300,140,636
435,0,0,0
436,0,0,0
437,4338,48,1763
438,4747,217,624
439,4148,77,118
440,2224,602,118
441,1017,63,186
442,7010,163,645
443,4400,198,428
444,2476,452,438
445,4122,122,199
446,2776,70,139
447,4951,273,58
448,5846,156,282
449,7774,405,871
450,302,22,56
451,4528,448,929
452,3994,106,296
453,4453,77,326
454,3167,21,744
455,638,296,158
456,6061,188,284
457,4676,90,606
458,35,0,41
459,540,9,106
460,4591,200,678
461,5364,217,714
462,7712,327,192
463,1,0,2
464,4521,44,1443
465,3750,148,182
466,4181,80,57
467,2261,433,301
468,1154,241,86
469,1135,316,8
470,7220,240,594
471,4109,164,607
472,2361,445,309
473,4211,597,85
474,5795,145,682
475,7994,271,910
476,383,53,140
477,4596,440,1071
478,4022,47,480
479,1266,138,10
480,7342,892,362
481,2286,11,502
482,1013,13,702
483,5863,240,138
484,4212,91,874
485,592,1,228
486,4479,81,801
487,5886,194,309
488,7937,178,731
489,266,2,104
490,4346,116,978
491,3954,301,105
492,3693,103,293
493,4356,46,93
494,1475,1315,26
495,1157,182,50
496,7178,85,583
497,4337,179,506
498,2032,377,446
499,4209,473,215
500,5478,157,484
501,8069,120,679
502,5686,309,85
503,464,11,156
504,4636,545,702
505,5195,124,658
506,1270,23,86
507,2213,45,431
508,1775,78,89
509,5946,247,86
510,4378,150,246
511,2852,325,802
512,4327,181,909
513,3128,162,110
514,5624,358,217
515,8104,234,799
516,429,1,113
517,4053,130,885
518,3935,155,243
519,4439,83,233
520,1631,1672,55
521,861,46,52
522,7178,188,568
523,4452,223,563
524,1673,109,1458
525,1949,8,772
526,4516,459,242
527,4945,363,102
528,7431,163,476
529,0,0,0
530,4418,139,1584
531,4790,237,420
532,1149,46,94
533,1935,183,206
534,947,50,137
535,0,0,0
536,6936,174,532
537,4009,113,550
538,2638,365,660
539,4217,211,236
540,5924,285,84
541,7880,361,1101
542,208,69,32
543,4130,384,941
544,3994,73,152
545,4434,102,41
546,5209,300,27
547,1862,1457,147
548,999,65,86
549,7113,130,617
550,4766,129,566
551,642,8,200
552,4897,35,734
553,5246,189,163
554,7226,148,710
555,0,0,0
556,4524,42,1577
557,2847,54,151
558,8461,815,411
559,4755,234,616
560,4143,81,123
561,2228,572,114
562,1072,55,131
563,6969,145,686
564,4338,110,490
565,2500,453,414
566,4055,92,266
567,5905,149,223
568,7858,370,787
569,1475,15,107
570,293,1,65
571,4451,372,1006
572,3969,113,321
573,4445,68,334
574,3266,16,645
575,633,294,163
576,6073,208,272
577,4697,96,585
578,516,10,130
579,4576,198,693
580,406,207,13
581,5385,242,693
582,7645,286,259
583,1,0,2
584,4582,29,1382
585,3763,164,169
586,4135,83,103
587,2300,393,262
588,1151,231,89
589,7261,261,553
590,4133,227,583
591,5418,674,118
592,2359,395,311
593,4179,576,117
594,5872,142,605
595,8028,264,876
596,388,35,135
597,4654,443,1013
598,4049,68,453
599,1267,121,9
600,2323,11,465
601,1143,10,572
602,1800,190,1
603,5887,309,114
604,4260,93,826
605,503,2,317
606,4327,70,953
607,2479,123,55
608,6598,283,297
609,0,53,0
610,6603,514,194
611,1842,17,90
612,0,0,0
613,129,2,2
614,8563,266,302
615,368,304,219
616,5205,130,486
617,6630,890,20
618,9392,946,213
619,53,378,0
620,4546,348,779
621,4082,531,218
622,4697,284,122
623,1273,1444,68
624,3704,2096,31
625,142,249,5
626,6913,854,747
627,3421,97,252
628,1737,6,790
629,4084,518,378
630,6385,230,117
631,0,75,0
632,2418,56,38
633,5256,103,388
634,0,0,0
635,5886,291,187
636,7010,571,129
637,1939,18,360
638,5346,67,648
639,3988,607,164
640,4356,409,67
641,1416,1309,4
642,191,61,14
643,7352,797,319
644,3724,361,160
645,1213,105,676
646,1930,156,36
647,4078,162,204
648,7345,473,84
649,9499,796,783
650,406,22,83
651,4323,587,552
652,3762,226,390
653,0,0,0
654,580,122,8
655,6543,573,233
656,0,0,0
657,0,0,1432
658,2778,56,62
659,5598,58,718
660,40,92,10
661,7215,777,199
662,3329,324,78
663,698,232,173
664,4741,145,377
665,6782,610,62
666,10330,423,501
667,362,5,87
668,7686,984,319
669,6070,225,188
670,4538,368,492
671,3283,401,213
672,3613,261,50
673,1455,789,166
674,278,58,7
675,7375,265,809
676,3462,533,451
677,0,0,0
678,9017,351,203
679,0,0,0
680,1761,114,6
681,811,196,63
682,7040,878,185
683,0,0,0
684,6465,564,129
685,9379,806,162
686,78,228,2
687,5355,93,643
688,3609,620,241
689,2801,2189,11
690,1819,1114,110
691,86,14,6
692,0,185,0
693,5944,832,263
694,3046,135,97
695,1396,148,486
696,4419,735,186
697,6825,529,177
698,9978,651,739
699,236,61,15
700,6936,384,158
701,2455,131,109
702,5081,180,150
703,3,10,0
704,8717,565,283
705,0,0,0
706,812,314,55
707,4538,290,103
708,1304,863,2
709,3,38,0
710,6786,982,286
711,3174,530,91
712,1262,629,111
713,49,0,6
714,4472,498,482
715,6240,1471,317
716,9001,1012,164
717,296,192,16
718,4691,548,490
719,3617,622,628
720,4398,23,162
721,1485,1035,33
722,2484,108,50
723,6499,285,396
724,4279,25,263
725,0,32,0
726,6610,520,187
727,1816,20,116
728,0,0,0
729,8581,265,284
730,282,129,305
731,5184,132,507
732,6623,881,27
733,9397,972,208
734,52,347,1
735,7538,293,164
736,4592,335,733
737,4088,538,212
738,4723,287,96
739,1270,1267,71
740,143,277,4
741,6893,849,767
742,3419,197,254
743,1793,23,734
744,4072,479,390
745,6387,227,115
746,2194,104,311
747,0,45,0
748,2430,50,26
749,5270,111,374
750,0,0,0
751,7003,505,136
752,1917,20,382
753,5304,81,690
754,3969,519,183
755,4353,434,70
756,1407,1251,13
757,76,191,10
758,198,76,7
759,7386,812,285
760,3711,336,173
761,1196,111,693
762,4080,254,202
763,7326,454,103
764,9496,654,786
765,426,40,63
766,4369,515,506
767,3740,234,412
768,5778,297,103
769,0,0,0
770,576,164,12
771,6521,502,255
772,0,0,0
773,2781,81,59
774,5601,70,715
775,40,70,10
776,7204,727,210
777,3322,232,85
778,724,253,147
779,5730,336,124
780,1888,99,209
781,4749,124,369
782,6801,608,43
783,10269,433,562
784,354,5,95
785,4572,451,458
786,3268,389,228
787,3615,265,48
788,1449,698,172
789,279,47,6
790,7375,279,809
791,190,20,56
792,3476,351,437
793,95,17,34
794,7457,407,732
795,3756,241,161
796,1980,401,831
797,3344,1817,23
798,7430,184,391
799,9900,1146,517
800,425,9,149
801,4598,409,596
802,3909,364,37
803,4182,43,586
804,4126,82,61
805,1187,514,159
806,765,41,252
807,7732,126,612
808,3941,104,311
809,2933,593,448
810,3728,514,202
811,6545,91,667
812,8527,729,703
813,5265,266,39
814,223,57,10
815,5291,133,1028
816,3527,77,325
817,4380,80,90
818,1931,996,13
819,51,203,0
820,7017,294,525
821,3688,198,228
822,1894,375,810
823,4589,529,572
824,1801,220,0
825,6820,354,197
826,9730,701,792
827,382,107,12
828,4982,259,651
829,4367,85,263
830,3790,109,29
831,1227,815,163
832,835,41,86
833,6850,315,168
834,3370,62,654
835,0,0,1402
836,3601,107,830
837,4580,284,359
838,6056,263,160
839,7452,261,864
840,248,31,36
841,3956,1255,117
842,4136,352,341
843,4003,178,39
844,1784,835,148
845,417,30,16
846,0,0,0
847,7192,320,521
848,3857,170,167
849,3010,214,1034
850,4672,443,364
851,6371,179,438
852,8026,580,914
853,67,16,127
854,4650,237,735
855,4259,65,236
856,3601,183,20
857,5194,264,69
858,1382,977,248
859,923,125,153
860,6991,79,599
861,3898,105,552
862,2347,107,798
863,4279,393,207
864,6812,180,163
865,9967,523,803
866,406,27,20
867,4474,1400,223
868,6163,395,179
869,3913,291,390
870,3918,151,22
871,2258,88,487
872,422,73,103
873,7460,87,812
874,3551,158,353
875,1997,125,1229
876,5013,300,334
877,6645,217,272
878,9060,373,824
879,2899,32,208
880,0,0,136
881,4884,399,626
882,3275,111,117
883,3626,125,46
884,1734,601,73
885,1022,71,143
886,6672,134,415
887,3369,132,709
888,1782,40,1198
889,3936,1260,175
890,1143,22,194
891,6311,296,208
892,7069,312,63
893,9972,470,762
894,229,45,44
895,4988,452,506
896,3845,237,477
897,4427,135,128
898,1754,358,30
899,770,134,82
900,7975,141,532
901,3692,144,258
902,1768,187,6
903,2334,589,774
904,3981,389,364
905,6402,143,512
906,8429,347,1272
907,54,13,222
908,5453,194,617
909,3934,34,225
910,3870,163,54
911,1904,551,162
912,94,11,35
913,0,1,1278
914,7484,410,705
915,3758,191,159
916,1919,367,892
917,3343,1895,24
918,7456,172,365
919,9847,1188,570
920,409,7,165
921,4538,416,656
922,4147,43,621
923,4121,75,66
924,5927,173,190
925,1176,558,170
926,816,60,201
927,7797,130,547
928,3911,112,341
929,2976,609,405
930,3721,491,209
931,6547,76,665
932,8584,776,646
933,216,59,17
934,5263,110,1056
935,1751,90,13
936,3563,72,289
937,4380,74,90
938,1924,814,20
939,50,191,1
940,7047,285,495
941,3623,107,293
942,1881,349,823
943,4632,502,529
944,6818,397,199
945,9707,616,815
946,5669,116,314
947,384,45,10
948,4941,190,692
949,4344,64,286
950,3791,102,28
951,1232,789,158
952,835,64,86
953,6876,371,142
954,3386,65,638
955,3706,255,725
956,4503,216,436
957,1743,40,184
958,6071,350,145
959,7407,261,909
960,250,33,34
961,3956,1247,117
962,4156,348,321
963,4005,175,37
964,1760,669,172
965,341,9,92
966,7194,333,519
967,3838,189,186
968,26,1,37
969,3072,162,972
970,4698,436,338
971,6397,197,412
972,8054,589,886
973,61,9,133
974,4659,285,726
975,4272,61,223
976,3605,185,16
977,1386,1049,244
978,955,73,121
979,3904,477,32
980,7045,109,545
981,3987,129,463
982,2421,117,724
983,4236,344,250
984,1617,51,270
985,6034,195,175
986,4444,172,465
987,548,23,136
988,4423,96,367
989,5417,365,145
990,5867,306,63
991,7684,111,637
992,171,12,31
993,4469,76,1641
994,4691,73,505
995,0,3,0
996,2559,74,565
997,210,14,47
998,5606,117,280
999,3684,73,629
1000,3203,773,94
1001,178,0,95
1002,2563,125,25
1003,1859,256,10
1004,2330,377,155
1005,1331,47,17
1006,5631,360,110
1007,5568,380,82
1008,615,185,6
1009,3850,71,1730
1010,4861,236,663
1011,704,85,0
1012,2091,45,306
1013,723,0,1246
1014,1845,138,279
1015,5931,239,91
1016,4149,55,788
1017,353,33,89
1018,4291,104,679
1019,3542,119,173
1020,7616,140,578
1021,241,32,72
1022,5238,191,1285
1023,4140,86,333
1024,0,0,0
1025,2316,451,90
1026,1232,125,13
1027,5792,135,302
1028,2403,242,92
1029,3553,440,49
1030,3339,175,21
1031,1748,239,1366
1032,646,28,95
1033,4178,44,786
1034,5753,254,155
1035,4950,309,50
1036,8013,167,427
1037,57,24,0
1038,3971,148,1189
1039,4602,170,394
1040,4,0,0
1041,2172,35,574
1042,289,40,127
1043,5603,131,116
1044,4408,74,746
1045,187,3,158
1046,7548,863,140
1047,4191,77,1024
1048,5797,187,144
1049,2570,194,39
1050,3818,126,98
1051,4820,353,94
1052,478,141,0
1053,3410,716,44
1054,1666,115,13
1055,767,55,187
1056,2043,150,106
1057,1403,2,97
1058,1865,68,300
1059,5961,273,85
1060,4478,101,650
1061,600,24,138
1062,4429,194,403
1063,4808,316,107
1064,7182,111,391
1065,259,12,79
1066,5716,97,766
1067,4357,175,326
1068,91,223,6
1069,245,16,378
1070,2197,194,262
1071,4001,111,162
1072,5098,387,138
1073,545,267,4
1074,3279,228,54
1075,1721,191,1404
1076,1819,555,389
1077,1238,74,15
1078,5477,390,35
1079,5736,334,96
1080,7832,359,219
1081,5,26,0
1082,4290,84,1029
1083,4536,313,448
1084,646,53,30
1085,2433,35,469
1086,1184,210,161
1087,5836,68,280
1088,3992,67,450
1089,250,7,198
1090,1983,138,2
1091,3773,61,618
1092,4634,266,303
1093,6553,172,403
1094,62,5,12
1095,3272,378,70
1096,1794,290,1316
1097,3754,357,205
1098,1683,261,24
1099,2630,192,46
1100,2307,402,12
1101,0,38,0
1102,1719,68,168
1103,6030,264,179
1104,4478,152,431
1105,571,22,113
1106,4414,114,376
1107,5421,348,141
1108,7726,93,595
1109,178,14,24
1110,4335,77,1775
1111,4729,76,467
1112,2384,211,33
1113,3281,78,113
1114,1825,872,11
1115,0,0,0
1116,2517,64,607
1117,216,21,41
1118,5620,114,266
1119,3629,81,684
1120,3201,758,96
1121,1859,244,10
1122,2321,410,164
1123,1335,40,13
1124,5619,342,122
1125,5213,168,97
1126,5521,407,129
1127,617,215,4
1128,4028,69,1552
1129,4827,227,697
1130,704,63,0
1131,2058,39,339
1132,1826,109,298
1133,5920,222,102
1134,4185,71,752
1135,341,29,101
1136,3470,46,550
1137,4265,108,705
1138,3530,142,185
1139,7621,135,573
1140,237,31,76
1141,5241,198,1282
1142,4111,88,362
1143,2314,531,92
1144,1232,116,13
1145,5791,159,303
1146,2400,313,95
1147,6815,269,259
1148,3581,411,21
1149,3334,154,26
1150,1750,229,1364
1151,632,15,109
1152,4306,56,658
1153,5765,213,143
1154,8065,150,375
1155,57,19,0
1156,4152,138,1008
1157,4609,220,387
1158,1817,112,26
1159,4,0,0
1160,2260,38,486
1161,288,46,128
1162,5624,132,95
1163,4362,67,792
1164,178,2,167
1165,4169,73,1046
1166,5805,176,136
1167,2564,201,45
1168,3818,131,98
1169,0,0,1304
1170,4807,340,107
1171,476,150,2
1172,3405,723,49
1173,1670,120,9
1174,1782,71,121
1175,10225,716,165
1176,0,0,0
1177,6162,116,230
1178,4626,95,189
1179,4949,214,221
1180,3546,47,215
1181,3202,159,63
1182,8403,231,743
1183,5804,187,181
1184,0,0,0
1185,2816,132,98
1186,8860,283,349
1187,2780,519,38
1188,8650,264,632
1189,2581,81,217
1190,7183,196,501
1191,1585,35,1604
1192,6496,388,243
1193,0,0,0
1194,1780,61,123
1195,10216,624,174
1196,0,0,0
1197,6180,117,212
1198,4618,95,197
1199,4966,270,204
1200,3207,109,58
1201,8413,212,733
1202,0,0,0
1203,5833,166,152
1204,0,0,0
1205,2805,104,109
1206,8834,329,375
1207,2779,516,39
1208,8665,240,617
1209,2602,74,196
1210,7176,206,508
1211,6521,325,218
1212,0,0,0
1213,4483,378,55
1214,1801,76,102
1215,10231,594,159
1216,0,0,0
1217,6174,115,218
1218,4612,121,203
1219,4946,210,224
1220,3188,149,77
1221,8432,214,714
1222,5818,170,167
1223,0,0,0
1224,6999,296,105
1225,8058,392,284
1226,2815,152,99
1227,8849,266,360
1228,2784,480,34
1229,8614,298,668
1230,2581,79,217
1231,7140,189,544
1232,6493,349,246
1233,0,0,0
1234,1788,74,115
1235,10233,780,157
1236,1500,5,184
1237,0,0,0
1238,6155,119,237
1239,4620,178,195
1240,4962,205,208
1241,3199,191,66
1242,8436,234,710
1243,5821,189,164
1244,0,0,0
1245,2816,158,98
1246,8810,272,399
1247,414,241,6
1248,2784,487,34
1249,8619,317,663
1250,2610,81,188
1251,7173,206,511
1252,6450,347,289
1253,0,0,0
1254,1756,55,147
1255,10230,719,160
1256,0,0,0
1257,6154,125,238
1258,5925,278,164
1259,4603,104,212
1260,4975,212,195
1261,3198,143,67
1262,8442,259,704
1263,5830,206,155
1264,0,0,0
1265,2820,168,94
1266,8845,334,364
1267,2771,531,47
1268,8639,293,643
1269,2053,46,248
1270,2641,90,157
1271,7177,239,507
1272,6530,368,209
1273,0,5,0
1274,1774,59,129
1275,10232,827,158
1276,0,0,0
1277,6133,122,259
1278,4621,99,194
1279,4993,199,177
1280,285,6,9
1281,3199,222,66
1282,8462,253,684
1283,5803,156,182
1284,0,0,0
1285,2802,130,112
1286,8875,335,334
1287,2780,529,38
1288,8690,271,592
1289,2625,88,173
1290,7208,223,476
1291,3945,676,21
1292,6466,328,273
1293,0,0,0
1294,1801,70,102
1295,10229,775,161
1296,0,0,0
1297,6146,110,246
1298,4612,193,203
1299,4948,201,222
1300,3196,128,69
1301,8467,220,679
1302,5769,447,138
1303,5835,176,150
1304,0,0,0
1305,2801,136,113
1306,8844,323,365
1307,2778,554,40
1308,8694,319,588
1309,2603,83,195
1310,7201,212,483
1311,6507,381,232
1312,0,66,0
1313,1982,141,3
1314,1783,56,120
1315,10221,773,169
1316,0,0,0
1317,6173,115,219
1318,4598,172,217
1319,4971,210,199
1320,3196,154,69
1321,8438,218,708
1322,5815,240,170
1323,0,0,0
1324,0,139,1331
1325,2809,143,105
1326,8863,330,346
1327,2777,561,41
1328,8688,259,594
1329,2631,86,167
1330,7194,212,490
1331,6511,329,228
1332,0,109,0
1333,5345,414,205
1334,1899,75,6
1335,517,128,0
1336,0,19,0
1337,18,17,1241
1338,1914,110,9
1339,0,0,1299
1340,6118,168,207
1341,1807,73,37
1342,207,1,24
1343,4381,320,59
1344,1975,23,124
1345,4506,449,62
1346,1844,7,100
1347,5426,236,122
1348,4783,745,52
1349,4490,2164,51
1350,4334,639,130
1351,2211,230,39
1352,231,129,17
1353,3815,228,281
1354,10601,2240,2103
1355,5011,255,111
1356,4981,257,1571
1357,4371,204,386
1358,0,0,0
1359,5255,131,1590
1360,3936,242,422
1361,1880,85,33
1362,20,1,1350
1363,6210,373,108
1364,2162,135,77
1365,484,1,15
1366,2538,537,18
1367,451,348,12
1368,1652,317,6
1369,1664,268,26
1370,4558,364,329
1371,1463,150,27
1372,2884,380,10
1373,4532,778,81
1374,196,294,11
1375,4441,958,140
1376,0,125,0
1377,560,180,16
1378,4488,231,60
1379,406,209,8
1380,5000,392,123
1381,4516,167,77
1382,5513,214,1469
1383,4112,223,191
1384,2039,195,88
1385,113,30,1253
1386,6217,364,114
1387,0,0,1259
1388,6257,415,77
1389,0,0,1204
1390,6009,635,124
1391,3558,74,1162
1392,0,0,1305
1393,6792,242,131
1394,1465,794,7
1395,32,5,4
1396,5517,1126,532
1397,0,47,0
1398,4744,190,195
1399,179,1917,26
1400,4278,111,2833
1401,490,76,69
1402,5547,211,314
1403,138,203,23
1404,4268,323,71
1405,5142,317,1404
1406,4186,187,233
1407,3205,488,23
1408,4240,318,134
1409,3863,426,95
1410,4017,242,193
1411,3213,250,35
1412,3378,308,159
1413,2767,16,626
1414,3017,817,34
1415,0,0,1156
1416,6495,927,150
1417,5589,2166,1550
1418,6105,215,214
1419,1868,75,5
1420,6190,143,221
1421,1803,107,6
1422,18,1,42
1423,4281,127,89
1424,1035,120,12
1425,897,125,75
1426,0,202,0
1427,3009,148,19
1428,5116,52,1437
1429,2242,169,8
1430,4956,74,1374
1431,2680,172,28
1432,5344,219,1566
1433,2687,186,14
1434,5681,142,1413
1435,5357,576,87
1436,3810,291,94
1437,4776,1236,439
1438,5390,408,160
1439,1896,86,9
1440,20,24,1239
1441,1911,131,12
1442,0,0,1299
1443,6127,174,198
1444,1810,79,34
1445,206,1,25
1446,7847,263,146
1447,2231,179,213
1448,4383,335,57
1449,1981,19,118
1450,4501,532,67
1451,1837,5,107
1452,4782,779,53
1453,4488,2231,53
1454,4324,648,140
1455,2207,231,43
1456,238,140,10
1457,3789,194,307
1458,8,0,60
1459,10635,2224,2069
1460,5004,257,118
1461,4989,336,1563
1462,4383,202,374
1463,5248,134,1597
1464,3978,245,380
1465,1878,83,35
1466,20,0,1350
1467,6213,383,105
1468,2151,125,88
1469,3350,552,14
1470,486,1,13
1471,2531,508,25
1472,455,330,8
1473,1653,287,5
1474,4550,331,337
1475,1463,208,27
1476,2886,488,8
1477,4524,565,89
1478,196,273,11
1479,4441,902,140
1480,5572,154,85
1481,0,143,0
1482,559,197,17
1483,4490,194,58
1484,407,219,7
1485,4512,129,81
1486,5526,236,1456
1487,4108,234,195
1488,2043,205,84
1489,113,32,1253
1490,6225,358,106
1491,2112,127,33
1492,0,0,1259
1493,6260,415,74
1494,0,0,1204
1495,6008,643,125
1496,0,0,1305
1497,6778,227,145
1498,1465,733,7
1499,31,5,5
1500,5502,1211,547
1501,1082,54,138
1502,439,15,1133
1503,7176,136,582
1504,4005,98,798
1505,2393,635,719
1506,4090,278,264
1507,6165,268,181
1508,8157,365,1040
1509,90,35,15
1510,4658,432,543
1511,3936,94,227
1512,4137,157,24
1513,0,0,0
1514,1658,1392,125
1515,1111,48,74
1516,7329,206,601
1517,4987,150,557
1518,582,26,272
1519,4451,24,845
1520,5046,195,183
1521,6792,137,818
1522,0,0,0
1523,4613,55,1468
1524,4627,465,57
1525,4555,250,773
1526,4316,165,99
1527,2142,670,108
1528,1237,129,93
1529,7286,242,639
1530,3945,221,485
1531,2443,298,497
1532,4515,121,218
1533,5686,109,361
1534,7868,388,605
1535,6804,1095,72
1536,244,8,67
1537,4805,465,886
1538,4024,134,292
1539,4517,115,267
1540,3491,47,501
1541,548,256,98
1542,6020,187,294
1543,4201,89,718
1544,583,13,96
1545,4621,336,623
1546,1544,144,117
1547,5108,264,735
1548,7516,391,315
1549,7,1,1
1550,4447,401,1125
1551,3980,93,214
1552,3810,102,47
1553,2067,651,305
1554,1387,246,110
1555,8014,343,524
1556,4369,174,500
1557,6354,197,60
1558,0,781,0
1559,2241,336,393
1560,4177,755,102
1561,5208,190,618
1562,7725,441,920
1563,567,185,145
1564,5077,431,1005
1565,4596,90,440
1566,1042,99,22
1567,2165,17,542
1568,1228,26,610
1569,5850,245,288
1570,5836,275,157
1571,3809,87,910
1572,524,0,319
1573,4589,85,829
1574,6073,216,266
1575,8152,177,899
1576,264,3,68
1577,4163,99,1129
1578,4137,270,207
1579,4230,53,87
1580,1919,138,19
1581,1758,1413,19
1582,1360,222,68
1583,6920,114,711
1584,4718,157,438
1585,2142,413,473
1586,4033,450,184
1587,5329,160,383
1588,8135,127,719
1589,386,17,185
1590,4745,183,753
1591,0,0,0
1592,5148,143,740
1593,1074,70,90
1594,2228,75,489
1595,1650,92,120
1596,5951,278,154
1597,4261,195,319
1598,2608,283,792
1599,4677,471,866
1600,5972,372,240
1601,7766,315,808
1602,4964,307,45
1603,386,0,179
1604,3902,77,915
1605,4591,284,278
1606,4543,52,169
1607,1651,1550,64
1608,910,64,24
1609,7318,201,624
1610,4427,317,511
1611,1911,13,629
1612,4571,443,171
1613,39,0,37
1614,5467,486,71
1615,6937,134,602
1616,0,0,0
1617,4777,145,1628
1618,4537,315,438
1619,1034,65,113
1620,1732,170,283
1621,1089,88,131
1622,7188,141,570
1623,4011,99,792
1624,1134,291,9
1625,2355,636,757
1626,4078,259,276
1627,6202,260,144
1628,8148,311,1049
1629,77,31,28
1630,4470,383,731
1631,3930,89,233
1632,4130,158,31
1633,1641,1355,142
1634,1060,66,125
1635,7330,870,374
1636,7392,201,538
1637,4966,146,578
1638,520,39,334
1639,4413,38,883
1640,5019,229,210
1641,6755,113,855
1642,0,0,0
1643,4652,55,1429
1644,4576,270,752
1645,4320,116,95
1646,3973,284,86
1647,2156,649,94
1648,1228,128,102
1649,7272,231,653
1650,3963,169,467
1651,2449,330,491
1652,4469,156,264
1653,5788,139,259
1654,7859,343,614
1655,228,0,83
1656,4709,451,982
1657,5696,283,75
1658,3983,173,333
1659,4491,142,293
1660,3490,46,502
1661,554,243,92
1662,5989,207,325
1663,4204,100,715
1664,554,8,125
1665,4625,325,619
1666,5128,277,715
1667,7476,382,355
1668,370,22,37
1669,3123,172,115
1670,6,0,2
1671,4436,274,1136
1672,4007,110,187
1673,3784,107,73
1674,2085,697,287
1675,1354,201,143
1676,7956,380,582
1677,4364,234,505
1678,2253,303,381
1679,4168,734,111
1680,1619,84,1512
1681,5246,187,580
1682,7723,417,922
1683,548,62,164
1684,5000,406,1082
1685,4606,89,430
1686,1044,92,20
1687,2189,16,518
1688,1349,18,489
1689,5863,281,130
1690,3822,94,897
1691,0,0,0
1692,535,0,308
1693,4546,73,872
1694,4546,391,360
1695,5164,437,1475
1696,4553,216,283
1697,4421,96,1570
1698,3707,185,471
1699,1757,72,28
1700,0,0,1356
1701,6419,402,83
1702,5203,271,33
1703,1833,90,88
1704,564,6,69
1705,2136,540,26
1706,410,468,51
1707,1503,522,9
1708,3990,125,374
1709,1515,117,43
1710,2683,413,75
1711,4757,707,151
1712,0,393,206
1713,8436,840,436
1714,4702,918,127
1715,0,0,0
1716,4812,189,266
1717,0,1998,0
1718,4147,97,2836
1719,453,56,204
1720,48,87,21
1721,4380,375,47
1722,5754,359,1530
1723,4071,158,332
1724,1468,26,114
1725,2814,441,32
1726,4520,292,202
1727,3406,525,120
1728,4111,284,258
1729,3224,117,72
1730,3034,435,316
1731,2901,460,48
1732,0,0,1318
1733,6276,955,186
1734,5633,2120,1660
1735,406,216,13
1736,2154,89,26
1737,15,27,1206
1738,1969,148,50
1739,0,0,1271
1740,6848,185,185
1741,1701,81,70
1742,38,0,30
1743,4487,373,45
1744,1958,33,135
1745,4014,398,77
1746,5418,695,118
1747,1561,35,161
1748,5052,857,43
1749,4536,2487,86
1750,4229,597,189
1751,1967,281,120
1752,224,216,20
1753,3768,135,366
1754,11104,2174,2327
1755,4611,191,142
1756,495,11,22
1757,1800,189,1
1758,4215,465,80
1759,285,140,17
1760,4350,205,117
1761,5239,171,1448
1762,3713,188,246
1763,1836,115,87
1764,117,12,1376
1765,5859,399,136
1766,0,0,1421
1767,6502,505,97
1768,129,1,2
1769,0,0,943
1770,6315,598,169
1771,0,0,1358
1772,6754,430,250
1773,1395,470,24
1774,30,1,27
1775,5562,1002,607
1776,6297,217,248
1777,1984,68,9
1778,6353,132,250
1779,2735,94,183
1780,3705,2115,30
1781,1824,123,10
1782,0,0,42
1783,4946,137,87
1784,745,30,82
1785,15,218,10
1786,3045,135,28
1787,5115,83,1602
1788,2364,142,10
1789,4880,95,1126
1790,2396,243,27
1791,5889,289,184
1792,5773,92,1640
1793,2855,405,25
1794,5625,195,1539
1795,3232,410,134
1796,5133,1074,260
1797,4599,361,307
1798,5146,357,1493
1799,4587,198,249
1800,4403,88,1588
1801,3706,182,472
1802,1931,164,35
1803,1761,87,24
1804,0,0,1356
1805,6417,420,85
1806,1830,65,91
1807,562,7,71
1808,2138,558,24
1809,396,411,65
1810,1505,416,7
1811,4015,132,349
1812,1527,129,31
1813,0,0,1432
1814,2675,428,83
1815,4736,654,172
1816,0,395,206
1817,4709,1010,120
1818,0,0,0
1819,4858,190,220
1820,0,1962,0
1821,4149,102,2834
1822,470,137,187
1823,49,53,20
1824,6073,226,185
1825,4377,311,50
1826,5765,430,1519
1827,4067,154,336
1828,2817,438,29
1829,4522,297,200
1830,3405,560,121
1831,4128,296,241
1832,3239,127,57
1833,3033,386,317
1834,2902,439,47
1835,1760,119,7
1836,0,0,1318
1837,6260,950,202
1838,5618,2141,1675
1839,2156,76,24
1840,17,21,1204
1841,1976,147,43
1842,0,0,1271
1843,6840,191,193
1844,1699,76,72
1845,38,0,30
1846,88,34,4
1847,4491,386,41
1848,1938,32,155
1849,4014,409,77
1850,1561,32,161
1851,5044,843,51
1852,4542,2512,80
1853,4256,526,162
1854,1962,287,125
1855,224,234,20
1856,3763,162,371
1857,5052,168,179
1858,11157,2169,2274
1859,5002,394,373
1860,2301,9,649
1861,901,23,15
1862,5263,948,119
1863,2582,55,247
1864,75,1,17
1865,3071,481,16
1866,4976,200,117
1867,1616,113,46
1868,51,0,4
1869,280,6,1365
1870,0,0,0
1871,4713,445,49
1872,7382,1024,97
1873,1479,128,171
1874,36,637,2
1875,5355,284,280
1876,1897,144,26
1877,0,0,0
1878,4940,316,92
1879,4257,23,285
1880,0,0,0
1881,880,222,21
1882,7692,1052,425
1883,3881,237,123
1884,5386,405,146
1885,3567,145,123
1886,1676,91,1647
1887,0,0,0
1888,5179,284,40
1889,8165,766,566
1890,2963,132,98
1891,7532,270,170
1892,1617,35,168
1893,709,22,13
1894,5685,645,80
1895,2065,186,0
1896,215,5,7
1897,3811,2259,52
1898,6370,250,285
1899,1960,128,44
1900,0,0,1444
1901,6067,190,231
1902,2205,68,300
1903,1685,95,7
1904,61,18,1
1905,4564,135,211
1906,113,6,12
1907,4262,49,309
1908,7659,333,185
1909,2192,169,362
1910,117,215,4
1911,5458,322,118
1912,1910,121,150
1913,75,200,11
1914,98,69,90
1915,3775,252,56
1916,4831,219,52
1917,2122,277,0
1918,0,0,1180
1919,0,0,0
1920,4940,153,91
1921,6008,465,222
1922,3101,62,293
1923,6275,218,338
1924,5763,276,118
1925,1769,130,7
1926,12,0,1469
1927,5083,138,257
1928,1567,108,9
1929,5775,155,287
1930,1824,133,124
1931,40,4,13
1932,3892,608,29
1933,5409,290,117
1934,2583,202,35
1935,1888,82,209
1936,590,0,1368
1937,0,0,0
1938,5457,319,51
1939,7893,881,167
1940,1536,10,71
1941,57,73,5
1942,5103,365,135
1943,1854,213,1
1944,0,0,0
1945,2007,628,2
1946,192,24,54
1947,5229,305,118
1948,3765,31,652
1949,6796,264,265
1950,1649,160,11
1951,0,0,1196
1952,3494,311,235
1953,1240,38,1515
1954,0,0,0
1955,4522,506,68
1956,7791,363,370
1957,3903,402,43
1958,1443,4,175
1959,554,184,4
1960,6472,345,161
1961,1612,60,223
1962,287,15,10
1963,3975,953,27
1964,5432,392,148
1965,1852,228,3
1966,0,92,1498
1967,0,0,0
1968,5263,274,41
1969,5241,234,137
1970,0,0,0
1971,1548,315,29
1972,4614,432,107
1973,3924,71,1027
1974,5055,405,320
1975,2263,10,687
1976,902,26,14
1977,5260,943,122
1978,2576,84,253
1979,1801,207,0
1980,75,1,17
1981,3076,577,11
1982,4970,192,123
1983,1619,154,43
1984,269,3,1376
1985,0,0,0
1986,4726,496,36
1987,7390,1041,89
1988,1474,66,176
1989,36,544,2
1990,0,0,1402
1991,5370,278,265
1992,1898,114,25
1993,0,0,0
1994,4960,344,72
1995,0,0,0
1996,878,220,23
1997,7681,992,436
1998,3894,194,110
1999,5417,416,115
2000,3560,96,130
2001,7044,265,94
2002,0,40,0
2003,1626,69,1697
2004,0,0,0
2005,5168,245,51
2006,8098,779,633
2007,1622,40,163
2008,710,24,12
2009,5682,636,83
2010,2065,201,0
2011,215,4,7
2012,3813,2196,50
2013,5193,270,70
2014,6390,271,265
2015,1953,131,51
2016,0,0,1444
2017,6077,196,221
2018,1684,93,8
2019,60,11,2
2020,4524,128,251
2021,115,6,10
2022,4255,41,316
2023,7675,314,169
2024,6183,382,159
2025,2183,108,371
2026,117,217,4
2027,5440,286,136
2028,1912,114,148
2029,108,71,80
2030,3778,352,53
2031,4825,267,58
2032,2122,279,0
2033,0,0,1180
2034,0,0,0
2035,2891,25,216
2036,4938,170,93
2037,6035,494,195
2038,3106,49,288
2039,6248,250,365
2040,1767,103,9
2041,16,0,1465
2042,5094,148,246
2043,1568,102,8
2044,5539,303,48
2045,1236,76,236
2046,6298,282,221
2047,2352,160,40
2048,13033,285,281
2049,7985,355,187
2050,607,167,9
2051,7986,151,270
2052,6336,158,112
2053,0,0,0
2054,5767,110,111
2055,746,97,25
2056,2685,123,270
2057,1769,137,5
2058,3100,136,78
2059,7195,373,88
2060,6190,83,252
2061,11256,582,158
2062,7165,331,104
2063,582,5,136
2064,8136,411,190
2065,2152,92,92
2066,13343,528,192
2067,285,1,96
2068,0,0,1278
2069,3411,71,64
2070,6262,277,118
2071,2958,248,101
2072,6041,411,71
2073,422,48,35
2074,0,324,0
2075,3088,79,144
2076,3608,105,59
2077,7710,439,301
2078,2809,469,54
2079,5923,164,194
2080,13146,564,168
2081,173,0,151
2082,3485,111,125
2083,8446,210,178
2084,5244,147,316
2085,1065,6,251
2086,2044,360,58
2087,907,42,68
2088,2147,193,139
2089,11247,1016,239
2090,1756,99,8
2091,6585,301,141
2092,634,98,24
2093,0,31,0
2094,2982,76,87
2095,3132,75,159
2096,7570,892,266
2097,5329,336,182
2098,1227,18,184
2099,85,1,78
2100,3212,88,115
2101,657,287,0
2102,7486,239,167
2103,559,145,3
2104,7146,278,210
2105,607,102,43
2106,7740,544,128
2107,6290,142,204
2108,11714,280,365
2109,6151,284,207
2110,669,138,8
2111,0,11,0
2112,6465,77,158
2113,0,0,0
2114,259,17,83
2115,3392,119,169
2116,8571,281,211
2117,5187,259,91
2118,701,7,180
2119,2565,83,86
2120,13357,356,281
2121,129,11,39
2122,12212,257,286
2123,221,51,12
2124,4026,116,56
2125,3605,287,121
2126,6605,373,229
2127,5600,170,337
2128,11464,585,306
2129,6230,318,236
2130,5545,300,42
2131,1193,56,279
2132,2352,187,40
2133,13020,293,294
2134,7964,314,208
2135,92,0,232
2136,609,192,7
2137,7977,161,279
2138,6333,172,115
2139,0,0,0
2140,5770,129,108
2141,733,118,38
2142,2668,127,287
2143,3076,115,102
2144,7177,360,106
2145,6193,86,249
2146,3983,197,26
2147,11255,652,159
2148,7123,301,146
2149,580,5,138
2150,8135,456,191
2151,2163,87,81
2152,13326,523,209
2153,303,2,78
2154,3398,90,77
2155,6258,289,122
2156,2950,268,109
2157,10270,216,301
2158,6032,393,80
2159,442,61,15
2160,0,396,0
2161,3090,68,142
2162,3615,107,52
2163,7721,486,290
2164,2789,376,74
2165,13117,561,197
2166,189,0,135
2167,3480,104,130
2168,5679,225,256
2169,8448,224,176
2170,5134,140,426
2171,1094,4,222
2172,2046,205,56
2173,912,43,63
2174,2162,267,124
2175,11235,1076,251
2176,6586,299,140
2177,647,103,11
2178,0,26,0
2179,4362,82,117
2180,3003,76,66
2181,3140,56,151
2182,123,29,13
2183,7141,352,744
2184,3836,137,186
2185,1591,141,682
2186,3219,1613,20
2187,6776,208,321
2188,10028,303,674
2189,386,6,121
2190,5416,223,96
2191,4555,239,559
2192,3985,77,470
2193,4069,71,53
2194,1358,688,120
2195,694,35,243
2196,7328,149,583
2197,3643,129,298
2198,2852,200,529
2199,3915,297,228
2200,6485,94,640
2201,4382,125,495
2202,8251,434,676
2203,183,53,4
2204,4696,127,1017
2205,3897,110,251
2206,4229,77,96
2207,1927,672,6
2208,0,126,0
2209,7316,254,561
2210,3795,215,119
2211,1795,371,796
2212,9901,371,228
2213,4516,468,729
2214,6536,284,309
2215,9847,825,562
2216,357,20,23
2217,4748,204,558
2218,4029,71,329
2219,4008,76,29
2220,1480,948,152
2221,827,49,73
2222,6940,351,131
2223,12818,486,228
2224,11566,863,84
2225,1089,302,2
2226,3756,76,458
2227,3109,103,747
2228,4667,242,439
2229,6027,174,172
2230,7715,250,754
2231,232,24,28
2232,4002,1147,63
2233,3897,258,327
2234,4025,139,35
2235,1766,860,149
2236,0,0,0
2237,262,12,74
2238,7431,219,608
2239,3865,102,163
2240,2299,52,1058
2241,4623,272,432
2242,6785,183,397
2243,8984,702,740
2244,70,25,126
2245,4388,214,559
2246,3884,67,253
2247,3589,140,78
2248,3662,143,23
2249,1370,642,118
2250,813,99,145
2251,7090,51,582
2252,3598,143,460
2253,2875,86,635
2254,4068,453,164
2255,7091,177,205
2256,10069,438,913
2257,485,53,3
2258,0,0,0
2259,3927,1055,201
2260,3903,248,307
2261,3968,129,16
2262,2067,91,586
2263,272,32,148
2264,7710,112,653
2265,3890,195,170
2266,2458,131,926
2267,4747,232,247
2268,6754,262,305
2269,3649,167,36
2270,8931,393,706
2271,70,5,133
2272,4522,254,706
2273,3915,162,83
2274,3802,113,57
2275,1533,674,28
2276,1090,104,60
2277,6851,157,446
2278,3656,158,589
2279,2015,29,1070
2280,0,0,0
2281,3787,1160,90
2282,6687,417,62
2283,9876,500,580
2284,320,90,32
2285,4672,420,635
2286,3934,166,509
2287,4043,113,50
2288,1641,173,58
2289,457,51,120
2290,7568,132,513
2291,5992,83,201
2292,3589,139,161
2293,2301,469,629
2294,3945,367,316
2295,6614,155,501
2296,8850,350,1214
2297,97,0,166
2298,5221,188,739
2299,4134,46,176
2300,4011,105,54
2301,2111,608,173
2302,11362,538,206
2303,122,19,14
2304,7153,364,732
2305,3842,161,180
2306,1567,202,706
2307,3217,1650,22
2308,6772,208,325
2309,9981,338,721
2310,383,6,124
2311,4498,236,616
2312,3931,68,524
2313,0,0,0
2314,4068,65,54
2315,1363,657,115
2316,711,38,226
2317,7375,143,536
2318,3607,123,334
2319,2922,199,459
2320,3909,312,234
2321,6479,87,646
2322,8326,562,601
2323,186,58,1
2324,11071,363,252
2325,4584,121,1129
2326,3895,102,253
2327,4241,71,84
2328,1920,603,13
2329,0,130,0
2330,7325,253,552
2331,3758,169,156
2332,1817,386,774
2333,4554,453,691
2334,6575,341,270
2335,7811,443,78
2336,6460,287,321
2337,9842,787,567
2338,362,30,18
2339,4671,148,635
2340,3993,67,365
2341,4004,70,33
2342,1486,874,146
2343,812,21,88
2344,6944,357,127
2345,3736,75,478
2346,3068,266,788
2347,4050,71,297
2348,4548,183,558
2349,6024,203,175
2350,7712,230,757
2351,227,28,33
2352,4002,1156,63
2353,3903,280,321
2354,4024,135,36
2355,1752,797,163
2356,217,5,119
2357,7509,239,530
2358,9324,521,234
2359,3852,115,176
2360,2387,50,970
2361,4629,269,426
2362,6796,179,386
2363,8849,729,875
2364,72,10,124
2365,4385,205,562
2366,3879,66,258
2367,3656,125,29
2368,1313,567,175
2369,1275,143,19
2370,820,40,138
2371,7152,70,520
2372,3677,111,381
2373,2839,103,671
2374,4028,364,204
2375,9723,433,445
2376,1315,98,7
2377,0,0,0
2378,3787,138,78
2379,150,319,0
2380,4953,108,77
2381,595,0,129
2382,368,88,34
2383,4934,155,29
2384,292,112,24
2385,2535,139,187
2386,2830,206,84
2387,6432,516,131
2388,3851,151,28
2389,8882,665,490
2390,822,389,3
2391,0,0,0
2392,7888,426,179
2393,4382,188,55
2394,0,0,0
2395,3964,215,61
2396,199,331,1
2397,4851,220,64
2398,10111,335,211
2399,0,0,0
2400,10230,277,201
2401,0,0,0
2402,10711,281,283
2403,2549,104,55
2404,6807,177,298
2405,1172,57,67
2406,8880,268,447
2407,1058,173,35
2408,0,0,0
2409,4818,171,137
2410,307,249,5
2411,4556,126,87
2412,383,85,1
2413,4663,152,149
2414,12549,728,196
2415,10407,300,221
2416,5400,557,239
2417,4592,99,86
2418,5740,329,331
2419,4369,128,92
2420,6131,171,280
2421,4217,203,46
2422,7628,120,350
2423,5089,107,236
2424,0,0,0
2425,180,0,89
2426,4962,197,125
2427,283,130,32
2428,4362,72,108
2429,10237,160,653
2430,0,0,0
2431,10226,183,304
2432,5612,326,103
2433,4479,105,107
2434,9881,373,134
2435,1086,248,26
2436,3200,100,56
2437,9682,885,125
2438,1211,162,16
2439,9606,744,52
2440,657,318,0
2441,0,0,0
2442,4028,115,54
2443,58,0,266
2444,3981,203,28
2445,10257,223,314
2446,5673,257,262
2447,6262,278,73
2448,4356,89,123
2449,5396,224,116
2450,4344,138,533
2451,9908,458,221
2452,1089,311,2
2453,0,0,0
2454,3582,151,85
2455,0,0,0
2456,3648,156,37
2457,0,0,0
2458,591,76,22
2459,5935,80,258
2460,11341,551,227
2461,0,0,0
2462,11085,378,238
2463,6452,264,329
2464,4047,59,300
2465,9337,548,221
2466,1284,200,10
2467,9734,573,434
2468,1321,130,1
2469,7674,369,136
2470,7365,425,114
2471,0,0,0
2472,3781,64,84
2473,150,259,0
2474,4961,121,69
2475,363,39,39
2476,4933,171,30
2477,279,56,37
2478,2554,140,168
2479,2814,181,100
2480,6426,480,137
2481,6095,122,203
2482,3856,152,23
2483,8890,670,482
2484,824,451,1
2485,0,0,0
2486,4389,227,48
2487,0,0,0
2488,3958,275,67
2489,197,208,3
2490,4846,214,69
2491,10107,325,215
2492,11868,293,396
2493,0,0,0
2494,10229,240,202
2495,0,0,0
2496,10710,250,284
2497,2577,49,32
2498,6128,145,239
2499,0,5,0
2500,6901,486,221
2501,1998,18,62
2502,0,0,0
2503,6526,311,156
2504,8902,349,342
2505,426,208,233
2506,4813,124,321
2507,6594,1103,9
2508,9349,992,151
2509,27,335,1
2510,4723,268,646
2511,3795,376,126
2512,4430,245,88
2513,1564,1267,34
2514,696,145,7
2515,42,205,4
2516,6904,531,741
2517,3400,122,256
2518,1658,6,680
2519,4373,448,275
2520,6780,406,154
2521,0,7,0
2522,2537,28,22
2523,5591,108,313
2524,0,0,0
2525,0,0,0
2526,7412,601,106
2527,1837,16,383
2528,5258,61,577
2529,3661,486,244
2530,4217,424,64
2531,1329,1153,8
2532,191,69,3
2533,7040,670,207
2534,3476,237,143
2535,1123,77,553
2536,236,37,31
2537,4253,483,124
2538,7009,414,97
2539,9883,533,679
2540,339,38,30
2541,4457,476,449
2542,3836,284,385
2543,0,0,0
2544,645,133,1
2545,6720,499,232
2546,0,0,0
2547,3567,124,161
2548,2528,64,38
2549,5235,47,712
2550,10,130,1
2551,7134,810,251
2552,3111,507,76
2553,784,104,79
2554,4715,189,280
2555,6846,730,80
2556,10181,415,481
2557,389,2,102
2558,8078,285,160
2559,4527,674,419
2560,3652,410,290
2561,4121,267,51
2562,1543,692,27
2563,100,26,5
2564,7087,361,850
2565,3450,423,398
2566,0,0,0
2567,9508,317,160
2568,0,0,0
2569,5638,297,67
2570,900,132,74
2571,7067,589,171
2572,0,0,0
2573,6833,582,103
2574,9465,925,168
2575,0,383,0
2576,5228,128,570
2577,3673,462,209
2578,3107,1659,6
2579,1813,856,100
2580,523,158,6
2581,1082,10,134
2582,0,278,0
2583,6510,976,332
2584,3432,175,77
2585,1299,164,520
2586,4556,673,204
2587,6910,439,113
2588,9717,428,814
2589,228,42,5
2590,7167,312,124
2591,2111,29,87
2592,2515,81,86
2593,0,0,0
2594,8984,279,236
2595,0,0,0
2596,897,398,45
2597,4477,257,134
2598,1349,1062,2
2599,34,100,1
2600,7222,640,214
2601,3082,589,67
2602,723,455,197
2603,12502,422,206
2604,4310,399,302
2605,6208,1546,141
2606,9563,862,100
2607,326,141,2
2608,4697,527,479
2609,3646,383,621
2610,4199,22,195
2611,1503,633,13
2612,2580,42,29
2613,6070,133,297
2614,108,9,40
2615,0,0,0
2616,6900,450,222
2617,1957,24,103
2618,0,0,0
2619,8898,288,346
2620,351,26,308
2621,4819,124,315
2622,6586,1059,17
2623,9345,1071,155
2624,27,324,1
2625,2991,222,119
2626,4757,223,612
2627,3786,272,135
2628,4452,244,66
2629,1561,1068,37
2630,43,240,3
2631,6870,548,775
2632,3383,112,273
2633,1647,16,691
2634,4363,449,285
2635,6800,367,134
2636,6252,438,38
2637,0,0,0
2638,2537,47,22
2639,5562,116,342
2640,0,0,0
2641,7381,545,137
2642,1816,17,404
2643,5277,76,558
2644,3633,501,272
2645,4224,417,57
2646,1319,1050,18
2647,638,59,8
2648,192,77,2
2649,7033,754,214
2650,3448,234,171
2651,1225,100,451
2652,4241,440,136
2653,7034,474,72
2654,9883,443,679
2655,347,71,22
2656,4447,413,459
2657,3804,291,417
2658,0,295,0
2659,0,0,0
2660,641,199,5
2661,6711,426,241
2662,0,0,0
2663,2524,31,42
2664,5145,56,802
2665,10,109,1
2666,7108,821,277
2667,3090,387,97
2668,798,131,65
2669,2690,80,203
2670,4687,154,308
2671,6866,755,60
2672,10180,423,482
2673,361,4,130
2674,4492,694,454
2675,3656,419,286
2676,4123,216,49
2677,1544,557,26
2678,78,2,27
2679,7059,356,878
2680,2958,125,61
2681,3463,186,385
2682,1368,64,81
2683,9823,473,149
2684,1374,54,40
2685,9967,274,130
2686,1041,95,102
2687,9553,413,152
2688,5550,133,98
2689,362,34,17
2690,0,0,0
2691,8087,141,211
2692,7427,218,263
2693,449,68,10
2694,5763,137,206
2695,0,0,0
2696,6103,257,181
2697,0,0,0
2698,6509,203,607
2699,0,0,0
2700,6246,286,335
2701,0,0,0
2702,3396,442,52
2703,2347,379,56
2704,0,0,0
2705,3631,194,119
2706,0,0,0
2707,3437,240,119
2708,259,61,12
2709,0,0,0
2710,9777,290,56
2711,0,0,0
2712,9837,570,101
2713,0,0,0
2714,12651,633,115
2715,691,71,26
2716,0,0,0
2717,527,173,32
2718,0,0,0
2719,637,36,137
2720,0,0,0
2721,653,131,40
2722,5005,127,65
2723,119,62,5
2724,5090,141,33
2725,242,2,84
2726,356,117,14
2727,5212,167,52
2728,10599,234,176
2729,0,0,0
2730,2999,147,86
2731,6412,472,124
2732,2816,142,47
2733,0,0,0
2734,10193,250,133
2735,0,0,0
2736,3456,74,148
2737,10108,480,98
2738,0,0,0
2739,10198,286,247
2740,0,0,0
2741,9970,275,216
2742,0,0,0
2743,10619,376,103
2744,0,0,0
2745,10760,151,295
2746,0,0,0
2747,8033,205,151
2748,4194,256,60
2749,6018,391,299
2750,3221,286,47
2751,8682,194,810
2752,0,0,0
2753,6302,295,123
2754,2486,227,18
2755,6254,329,88
2756,2491,195,82
2757,6545,262,325
2758,5703,143,386
2759,2478,29,132
2760,6720,323,411
2761,2192,157,18
2762,5877,154,86
2763,4360,97,159
2764,5994,89,171
2765,4412,74,177
2766,5656,258,138
2767,3079,114,51
2768,8741,287,648
2769,1023,15,199
2770,5665,385,136
2771,0,0,0
2772,2862,192,58
2773,8410,359,322
2774,2881,318,49
2775,7973,376,623
2776,3002,133,86
2777,7771,172,544
2778,3196,67,60
2779,7697,184,388
2780,2455,313,84
2781,1368,72,81
2782,9803,614,169
2783,1372,59,42
2784,9961,300,136
2785,1078,89,65
2786,9547,410,158
2787,5534,143,114
2788,364,33,15
2789,0,0,0
2790,449,114,10
2791,12255,361,217
2792,5757,149,212
2793,0,0,0
2794,6087,215,197
2795,0,0,0
2796,6575,198,541
2797,0,0,0
2798,6288,273,293
2799,0,0,0
2800,3393,398,55
2801,0,0,0
2802,5956,238,123
2803,77,16,15
2804,3617,115,133
2805,0,0,0
2806,3428,244,128
2807,231,18,40
2808,0,0,0
2809,9764,290,69
2810,0,0,0
2811,9854,560,84
2812,0,0,0
2813,687,71,30
2814,2936,311,103
2815,0,0,0
2816,558,149,1
2817,0,0,0
2818,656,32,118
2819,0,0,0
2820,650,136,43
2821,4988,119,82
2822,124,64,0
2823,5099,140,24
2824,353,154,17
2825,7086,417,189
2826,5219,196,45
2827,10629,244,146
2828,0,0,0
2829,2996,144,89
2830,6397,536,139
2831,2819,106,44
2832,0,0,0
2833,10200,236,126
2834,0,0,0
2835,10104,509,102
2836,6284,143,240
2837,0,0,0
2838,10183,250,262
2839,0,0,0
2840,9940,273,246
2841,1807,80,192
2842,5893,288,146
2843,4479,214,600
2844,495,26,131
2845,4710,113,412
2846,5457,345,178
2847,11616,516,195
2848,7551,110,604
2849,175,8,40
2850,4162,74,1620
2851,4459,75,704
2852,2,14,0
2853,2726,54,358
2854,219,16,61
2855,5400,137,253
2856,3761,66,484
2857,3250,692,103
2858,6483,291,172
2859,1746,286,6
2860,2322,345,227
2861,1296,98,6
2862,5472,416,86
2863,5284,454,106
2864,593,375,5
2865,4290,94,1488
2866,4951,421,466
2867,559,74,13
2868,2219,53,280
2869,5705,360,23
2870,1824,115,407
2871,5686,200,129
2872,4027,46,682
2873,71,6,163
2874,4085,105,720
2875,4022,139,187
2876,7016,182,628
2877,195,24,75
2878,5191,231,1300
2879,4245,111,348
2880,1194,88,85
2881,2192,657,78
2882,1352,59,13
2883,6545,102,382
2884,2260,248,89
2885,3750,413,62
2886,3226,165,25
2887,1584,290,1263
2888,749,46,66
2889,3960,49,875
2890,5488,298,212
2891,2384,260,33
2892,8152,167,518
2893,13,13,1
2894,3434,130,1576
2895,4541,141,433
2896,0,0,0
2897,2039,30,625
2898,300,29,238
2899,5499,126,112
2900,4041,91,795
2901,392,31,140
2902,12821,505,225
2903,3852,65,1094
2904,5387,338,146
2905,2429,248,39
2906,3475,127,133
2907,4731,368,104
2908,412,100,2
2909,3109,601,55
2910,1558,104,17
2911,767,76,165
2912,1882,151,223
2913,672,42,45
2914,7670,303,140
2915,1682,60,389
2916,5950,181,146
2917,4189,84,662
2918,625,40,126
2919,4532,200,631
2920,4633,305,71
2921,6779,86,513
2922,185,1,110
2923,5806,67,840
2924,4116,246,231
2925,524,173,5
2926,410,34,231
2927,2155,272,101
2928,3780,128,210
2929,4711,429,91
2930,508,218,6
2931,3495,311,38
2932,1796,158,1336
2933,2125,612,408
2934,1079,79,15
2935,4966,333,103
2936,8062,156,236
2937,7696,400,352
2938,0,15,0
2939,4431,78,1296
2940,4543,170,477
2941,626,40,31
2942,2413,34,422
2943,1448,295,164
2944,5628,81,362
2945,3744,76,602
2946,122,19,201
2947,5969,180,110
2948,3618,51,615
2949,4414,300,260
2950,6422,228,364
2951,52,8,16
2952,3353,504,58
2953,1796,229,1421
2954,3748,352,229
2955,1551,405,24
2956,2704,122,142
2957,2249,549,12
2958,683,50,34
2959,1827,107,172
2960,5908,355,131
2961,4504,171,575
2962,491,26,135
2963,4734,147,388
2964,5464,323,171
2965,7561,98,594
2966,187,9,28
2967,4038,60,1744
2968,4505,74,658
2969,2315,344,70
2970,2,14,0
2971,2681,56,403
2972,215,15,65
2973,5408,143,245
2974,3752,75,493
2975,3258,727,95
2976,1746,249,6
2977,2308,402,241
2978,1296,74,6
2979,5463,432,95
2980,11740,488,142
2981,5283,491,107
2982,593,395,5
2983,4284,96,1494
2984,4834,343,583
2985,563,94,9
2986,2266,39,233
2987,1822,105,409
2988,5703,193,112
2989,4005,48,704
2990,77,7,157
2991,6519,333,88
2992,4068,106,737
2993,4014,146,195
2994,6947,158,697
2995,203,25,67
2996,5205,240,1286
2997,4231,119,362
2998,2185,733,85
2999,1349,53,16
3000,6536,144,391
3001,2255,263,94
3002,622,91,13
3003,3777,436,35
3004,3224,145,27
3005,1585,314,1262
3006,706,37,109
3007,3946,50,889
3008,5451,246,249
3009,8154,161,516
3010,14,15,0
3011,3214,119,1796
3012,4516,190,458
3013,0,152,0
3014,0,0,0
3015,2158,27,506
3016,323,52,215
3017,5531,171,80
3018,3977,89,859
3019,381,25,151
3020,3790,65,1156
3021,5367,315,166
3022,2428,215,40
3023,3502,117,106
3024,2302,368,83
3025,2789,61,126
3026,4701,368,134
3027,409,109,5
3028,3110,603,54
3029,1563,110,12
3030,750,314,7
3031,0,0,0
3032,3996,141,102
3033,56,0,154
3034,3742,210,56
3035,10751,210,266
3036,2846,33,152
3037,5743,200,205
3038,4144,102,188
3039,9472,578,490
3040,992,52,20
3041,0,0,0
3042,4150,100,169
3043,101,158,0
3044,5115,126,100
3045,514,66,6
3046,4608,148,55
3047,7685,984,320
3048,208,27,37
3049,2628,206,191
3050,2923,108,81
3051,6786,471,121
3052,3494,128,28
3053,9173,579,505
3054,644,196,51
3055,0,0,0
3056,4099,147,89
3057,143,20,23
3058,5694,280,160
3059,4739,147,149
3060,10810,399,232
3061,4986,358,247
3062,3725,94,124
3063,5742,318,378
3064,4566,151,71
3065,5988,319,308
3066,4002,209,59
3067,7480,120,379
3068,5572,119,252
3069,1188,22,149
3070,0,0,0
3071,5155,195,74
3072,325,117,16
3073,4227,60,116
3074,9938,153,624
3075,5784,273,168
3076,4335,139,539
3077,10369,229,358
3078,993,329,7
3079,0,0,0
3080,205,0,68
3081,3989,103,101
3082,0,0,0
3083,3769,181,112
3084,0,0,0
3085,5964,126,178
3086,10846,714,245
3087,0,0,0
3088,11480,271,345
3089,6745,265,343
3090,4004,69,262
3091,3274,103,120
3092,8237,424,364
3093,1255,222,15
3094,0,0,0
3095,4115,176,55
3096,12,71,22
3097,4771,213,61
3098,10250,301,202
3099,0,0,0
3100,10290,270,254
3101,0,0,0
3102,6993,303,111
3103,10780,171,359
3104,6822,111,269
3105,1306,98,42
3106,8458,336,474
3107,930,216,41
3108,0,0,0
3109,4933,153,148
3110,555,354,5
3111,4721,137,75
3112,10571,193,278
3113,517,122,0
3114,5607,233,93
3115,4753,60,205
3116,9103,305,240
3117,916,217,45
3118,9342,633,161
3119,1360,216,34
3120,9626,672,81
3121,750,348,7
3122,0,0,0
3123,3984,146,114
3124,7844,309,149
3125,36,0,174
3126,3747,213,51
3127,10721,207,296
3128,5712,166,236
3129,4151,112,181
3130,9461,600,501
3131,1001,67,11
3132,0,0,0
3133,4130,84,189
3134,101,202,0
