# Stats for class 3
0,5711,311,17
1,1266,272,13
2,11709,508,173
3,6332,320,82
4,2224,88,497
5,4587,590,171
6,4964,342,83
7,7260,167,647
8,0,0,0
9,5401,753,601
10,5066,486,144
11,1114,47,129
12,1816,128,325
13,991,110,93
14,396,135,11
15,7305,231,163
16,3752,83,807
17,2747,457,551
18,4247,554,206
19,5935,357,73
20,8080,423,901
21,178,23,62
22,4664,587,407
23,4053,124,93
24,4435,119,40
25,2776,81,142
26,1715,1277,294
27,931,66,154
28,7374,252,356
29,4541,97,791
30,405,81,437
31,5328,230,303
32,5266,223,143
33,6957,172,979
34,0,0,0
35,5662,574,439
36,3046,492,15
37,5044,263,327
38,4114,78,152
39,1957,577,385
40,1072,77,131
41,7161,215,494
42,3983,118,845
43,2680,462,234
44,4169,339,152
45,5888,211,240
46,7958,520,687
47,7066,588,72
48,230,1,128
49,5051,427,406
50,4020,129,270
51,4367,94,412
52,2773,12,1138
53,711,368,85
54,6072,223,273
55,4579,155,703
56,260,174,386
57,5125,746,144
58,6496,90,127
59,5454,204,624
60,7332,351,572
61,0,0,3
62,5524,514,440
63,3823,175,109
64,4081,49,157
65,1846,683,716
66,1124,239,116
67,7467,585,347
68,4109,104,607
69,11570,957,80
70,2461,468,209
71,4190,723,106
72,5856,280,621
73,7842,293,1062
74,224,15,299
75,4920,697,747
76,4095,61,407
77,1244,83,32
78,2177,3,611
79,1245,47,470
80,7846,422,43
81,5892,355,109
82,4136,116,950
83,391,80,429
84,5036,239,244
85,1790,129,97
86,6180,614,29
87,4270,163,639
88,445,221,239
89,4728,669,62
90,5471,426,91
91,687,283,37
92,7565,224,756
93,123,0,79
94,5962,1159,148
95,4993,344,203
96,0,25,0
97,2385,52,739
98,208,17,49
99,5814,418,72
100,3781,264,532
101,3207,663,90
102,8001,1036,66
103,1857,1340,12
104,2357,690,128
105,1324,34,24
106,5728,646,13
107,5550,589,100
108,621,141,0
109,5448,1194,132
110,5183,517,341
111,702,144,2
112,2033,32,364
113,6565,394,42
114,2545,100,59
115,1812,136,312
116,5955,444,67
117,4161,166,776
118,204,105,238
119,4863,493,107
120,3580,159,135
121,7538,184,656
122,142,17,171
123,6341,1491,182
124,4369,249,104
125,12522,569,223
126,2377,1027,29
127,1226,100,19
128,5977,209,117
129,2427,202,68
130,3563,326,39
131,3334,227,26
132,3089,374,25
133,424,191,317
134,4868,533,96
135,5831,250,77
136,234,18,35
137,7730,234,710
138,39,8,18
139,5129,1736,31
140,4858,400,138
141,0,0,4
142,2043,48,703
143,318,127,98
144,5678,443,41
145,4395,105,759
146,158,279,187
147,3227,393,29
148,5049,554,166
149,5898,289,43
150,2591,1623,18
151,3839,194,77
152,4847,326,67
153,475,79,3
154,3398,725,56
155,1667,185,12
156,809,47,145
157,1766,105,383
158,6289,354,46
159,1963,272,202
160,5987,666,59
161,4443,159,685
162,524,39,214
163,4770,852,62
164,4882,500,33
165,7185,256,388
166,131,6,207
167,6372,1431,110
168,4460,461,223
169,606,489,7
170,200,3,423
171,2186,244,273
172,4076,232,87
173,5166,985,70
174,549,1154,0
175,3302,240,31
176,3091,468,34
177,2197,1573,11
178,1235,429,18
179,5455,435,57
180,7433,819,46
181,7558,344,493
182,5,12,0
183,5240,1394,79
184,4708,698,276
185,646,44,30
186,2256,12,646
187,1033,443,312
188,6084,478,32
189,3970,148,472
190,236,118,212
191,6102,273,196
192,4243,405,148
193,4619,283,318
194,6664,293,292
195,62,6,12
196,3297,1308,45
197,3067,781,43
198,3771,264,188
199,1691,471,16
200,2647,523,29
201,2317,439,2
202,11812,384,452
203,1787,119,100
204,6166,485,43
205,4304,231,605
206,481,149,203
207,4736,646,54
208,5467,441,95
209,7562,206,759
210,124,0,78
211,5978,1318,132
212,5017,301,179
213,6516,279,166
214,0,25,0
215,2277,46,847
216,230,46,27
217,5814,404,72
218,3805,273,508
219,3210,712,87
220,1860,1221,9
221,2368,768,117
222,1324,51,24
223,5721,607,20
224,635,546,0
225,692,317,11
226,5566,424,84
227,614,85,7
228,5444,1254,136
229,5152,507,372
230,702,132,2
231,2138,55,259
232,1821,157,303
233,5957,469,65
234,4182,179,755
235,201,55,241
236,0,203,0
237,4795,489,175
238,3543,145,172
239,7586,196,608
240,132,16,181
241,6322,1478,201
242,4393,300,80
243,2368,1094,38
244,1227,89,18
245,5977,188,117
246,2424,235,71
247,5608,557,253
248,3557,360,45
249,3329,210,31
250,3088,432,26
251,427,186,314
252,4861,451,103
253,5809,263,99
254,7809,250,631
255,38,8,19
256,5093,1577,67
257,4822,514,174
258,3023,151,370
259,4,1,0
260,1973,46,773
261,316,121,100
262,5688,448,31
263,4368,90,786
264,149,264,196
265,5042,562,173
266,5905,303,36
267,2592,1635,17
268,3832,181,84
269,1043,208,4
270,4859,318,55
271,475,70,3
272,3405,633,49
273,1671,179,8
274,5449,1048,101
275,1900,133,5
276,1235,237,24
277,1919,264,4
278,1299,153,0
279,6160,414,165
280,5348,802,96
281,1811,148,33
282,231,40,0
283,4388,926,52
284,1958,65,141
285,4528,1778,40
286,1912,72,32
287,4796,1555,39
288,4530,3554,11
289,4367,1900,97
290,2238,438,12
291,2387,375,57
292,248,774,0
293,3994,565,102
294,12150,5062,554
295,5052,438,70
296,6303,1141,249
297,4663,898,94
298,6665,580,180
299,4248,431,110
300,1906,178,7
301,1347,143,23
302,36,85,32
303,6204,530,114
304,2181,283,58
305,499,169,0
306,2556,905,0
307,463,969,0
308,1655,434,3
309,4882,2392,5
310,1482,208,8
311,2852,1055,42
312,4523,2444,90
313,3356,662,8
314,207,736,0
315,4481,3750,100
316,0,543,0
317,563,205,13
318,4504,355,44
319,410,233,4
320,4530,365,63
321,6880,429,102
322,4226,397,77
323,2068,461,59
324,5570,435,87
325,1365,353,1
326,6242,525,89
327,1258,124,1
328,6266,601,68
329,1204,289,0
330,6035,1110,98
331,1294,132,11
332,6798,1287,125
333,1472,903,0
334,36,20,0
335,0,205,0
336,2085,248,60
337,5963,1962,86
338,0,363,0
339,4890,1275,49
340,205,344,0
341,4917,344,2194
342,481,115,78
343,152,221,9
344,4286,449,53
345,6432,448,114
346,4314,460,105
347,1510,181,62
348,3212,842,16
349,4311,430,63
350,3921,609,37
351,4069,337,141
352,3234,309,14
353,3465,804,72
354,3043,964,8
355,1146,300,10
356,6513,2643,132
357,6918,4834,221
358,0,533,0
359,6222,925,97
360,1869,108,4
361,6248,209,163
362,1805,220,4
363,60,86,0
364,4308,363,62
365,926,201,46
366,0,209,0
367,3016,404,12
368,6415,263,138
369,4609,550,75
370,2232,190,18
371,6165,410,165
372,2690,304,18
373,6679,910,231
374,2694,454,7
375,6845,632,249
376,3853,365,51
377,5086,2003,129
378,5486,1116,64
379,1900,120,5
380,6862,1297,14
381,1242,238,17
382,1920,264,3
383,1299,177,0
384,6167,359,158
385,1813,124,31
386,231,23,0
387,4398,863,42
388,1965,82,134
389,4532,1518,36
390,1915,93,29
391,1558,995,103
392,4797,1355,38
393,4533,3594,8
394,4385,1713,79
395,2239,431,11
396,248,723,0
397,3984,595,112
398,12186,5236,518
399,5047,412,75
400,6306,1139,246
401,4678,916,79
402,0,1910,0
403,6645,486,200
404,4278,447,80
405,1906,217,7
406,1357,143,13
407,6227,466,91
408,2187,449,52
409,499,91,0
410,2556,990,0
411,463,1050,0
412,1657,461,1
413,5800,282,338
414,4881,2343,6
415,1481,280,9
416,2894,1143,0
417,4513,2528,100
418,207,687,0
419,4468,3971,113
420,0,577,0
421,555,205,21
422,4502,351,46
423,405,230,9
424,1931,442,7
425,4540,332,53
426,6867,418,115
427,4248,470,55
428,2067,503,60
429,1364,356,2
430,6237,461,94
431,1257,132,2
432,6266,527,68
433,1204,298,0
434,6013,906,120
435,0,1101,0
436,1295,138,10
437,6747,1248,176
438,1472,848,0
439,36,23,0
440,5949,2063,100
441,133,210,3
442,7383,522,502
443,3648,60,374
444,2090,370,183
445,3225,1598,14
446,2699,50,216
447,4920,1010,89
448,6703,248,394
449,10207,704,495
450,336,1,171
451,4766,393,348
452,4074,108,381
453,3978,62,144
454,1265,394,213
455,647,44,290
456,7545,336,366
457,3442,78,499
458,63,30,13
459,2913,227,468
460,3933,439,210
461,6582,131,543
462,8333,619,594
463,121,13,66
464,5287,530,426
465,3935,111,213
466,4194,67,131
467,1826,324,107
468,0,236,0
469,1140,475,3
470,7619,373,258
471,3524,132,390
472,2182,350,409
473,4746,480,499
474,6586,284,259
475,9950,838,459
476,288,4,92
477,5106,414,200
478,4131,119,227
479,3955,66,82
480,7527,1069,177
481,1374,269,258
482,785,24,115
483,6971,551,100
484,3652,82,562
485,3241,276,615
486,4731,620,375
487,6088,250,111
488,7791,289,678
489,184,2,76
490,4048,1637,17
491,4001,607,58
492,4086,432,138
493,4009,99,51
494,1697,297,218
495,296,6,40
496,7783,330,256
497,3800,91,228
498,2486,144,871
499,4573,493,482
500,6868,247,314
501,9008,838,716
502,5749,848,22
503,10,0,186
504,4690,812,257
505,3937,98,200
506,3646,107,39
507,1219,247,269
508,834,76,124
509,7336,83,336
510,3579,76,479
511,2883,333,627
512,4065,646,167
513,3176,524,62
514,7050,154,246
515,10365,336,617
516,378,4,110
517,4106,1252,22
518,3965,322,245
519,3941,95,43
520,1796,9,857
521,398,56,22
522,7889,195,474
523,3704,141,356
524,1824,314,1307
525,2236,152,1148
526,4716,340,278
527,6849,249,210
528,8934,373,703
529,12,2,191
530,4894,539,334
531,3863,188,135
532,3812,107,47
533,1441,442,120
534,1093,113,57
535,0,41,0
536,7126,267,171
537,3559,95,686
538,2440,135,645
539,3835,1330,42
540,6666,355,83
541,9900,537,556
542,181,18,171
543,4793,572,514
544,4096,212,347
545,4027,86,66
546,5191,331,45
547,1394,112,305
548,459,55,118
549,7722,181,359
550,3363,137,387
551,2382,567,548
552,4078,736,183
553,6690,187,425
554,8979,365,1085
555,10,0,253
556,5626,676,334
557,2926,223,72
558,8730,916,142
559,4115,44,195
560,4004,81,61
561,1999,718,285
562,135,236,1
563,7439,546,446
564,3671,69,351
565,2162,407,111
566,3215,1648,24
567,6715,252,382
568,10143,752,559
569,1469,920,113
570,337,2,170
571,4833,543,281
572,4147,137,308
573,4005,63,117
574,1283,360,195
575,674,46,263
576,7531,260,380
577,3414,83,527
578,3027,199,354
579,3934,568,209
580,417,245,2
581,6557,114,568
582,8354,522,573
583,143,13,44
584,5314,521,399
585,3942,120,206
586,4182,63,143
587,1840,328,93
588,0,332,0
589,7525,399,352
590,3534,87,380
591,5391,845,145
592,2191,415,400
593,4652,446,593
594,6515,311,330
595,9868,838,541
596,270,2,110
597,5100,434,206
598,4131,134,227
599,3986,82,51
600,1274,139,358
601,810,43,90
602,1800,1051,1
603,6952,533,119
604,3633,72,581
605,3320,262,536
606,4765,641,341
607,6070,247,129
608,7776,322,693
609,153,1,107
610,4053,1611,12
611,4001,398,223
612,3994,79,66
613,130,9,1
614,1608,354,307
615,291,4,45
616,7730,385,309
617,3764,88,264
618,2483,123,874
619,4667,412,388
620,6836,253,346
621,9039,782,685
622,0,0,196
623,4665,767,282
624,3713,3847,22
625,3945,104,192
626,3651,104,34
627,1204,376,284
628,830,77,128
629,7327,198,345
630,3508,72,550
631,2867,320,643
632,4056,548,176
633,6002,734,71
634,1952,357,14
635,1425,127,7
636,7906,1375,99
637,6021,813,237
638,1765,433,2
639,89,107,3
640,5149,421,82
641,53,18,2
642,4236,69,306
643,7668,816,34
644,2041,332,464
645,84,231,2
646,5777,367,104
647,5773,368,81
648,2090,283,7
649,219,246,27
650,3915,380,31
651,5287,719,17
652,1800,1120,1
653,1366,165,36
654,0,331,0
655,5166,399,97
656,6314,642,28
657,3023,124,84
658,1315,141,22
659,6367,379,152
660,1774,483,0
661,1255,304,23
662,5942,192,175
663,1763,407,1
664,5659,229,324
665,1847,196,80
666,59,51,4
667,3926,642,10
668,5912,556,18
669,264,32,9
670,2581,342,7
671,1733,170,236
672,0,180,0
673,4933,386,67
674,7661,1130,27
675,1419,54,81
676,95,247,2
677,5702,414,130
678,1983,445,2
679,0,79,0
680,2379,236,38
681,3382,394,12
682,1826,1099,10
683,5245,488,65
684,3881,398,139
685,6971,628,103
686,1840,413,3
687,1304,261,0
688,3625,1116,136
689,3037,319,152
690,0,225,0
691,4473,523,65
692,7032,284,72
693,8303,719,39
694,1503,3,181
695,419,260,1
696,5917,386,172
697,2247,288,54
698,294,52,0
699,3945,966,21
700,5846,863,61
701,1982,416,3
702,1327,763,4
703,517,300,0
704,0,370,0
705,5417,375,131
706,0,768,0
707,1682,790,8
708,5077,373,46
709,4530,692,190
710,5620,802,241
711,3074,214,319
712,1042,215,5
713,5356,804,88
714,7956,575,37
715,2390,300,54
716,40,71,28
717,3350,698,14
718,5558,472,99
719,2090,266,55
720,1545,202,27
721,0,583,0
722,4594,560,90
723,6863,1284,13
724,1566,978,95
725,6329,246,85
726,0,1943,0
727,5840,350,298
728,1934,424,4
729,0,1356,0
730,4941,805,68
731,59,39,17
732,1136,525,7
733,7520,1120,184
734,3993,547,66
735,5750,809,21
736,397,169,10
737,3158,422,80
738,2198,309,933
739,0,83,0
740,5195,342,41
741,8733,1264,139
742,1478,1043,104
743,417,238,2
744,5393,806,143
745,1801,1024,0
746,131,11,0
747,2783,93,135
748,3715,3992,20
749,6006,875,67
750,1954,320,12
751,1390,98,42
752,6066,876,192
753,1766,383,1
754,91,116,1
755,5154,456,77
756,53,16,2
757,4236,74,306
758,3050,455,11
759,7665,896,37
760,2127,336,378
761,86,231,0
762,5784,366,97
763,2021,311,76
764,208,251,38
765,3925,429,21
766,5285,702,19
767,1801,984,0
768,1366,211,36
769,7064,536,74
770,0,167,0
771,5166,355,97
772,6306,722,36
773,3021,124,86
774,6368,498,151
775,1774,446,0
776,1254,474,24
777,5946,193,171
778,1764,403,0
779,657,1008,0
780,6508,99,115
781,0,1,0
782,4001,80,81
783,88,0,236
784,3955,113,54
785,10374,271,197
786,5696,240,239
787,4363,279,116
788,5446,302,66
789,4416,294,461
790,9958,684,171
791,12781,432,265
792,11575,968,75
793,1091,950,0
794,0,0,0
795,3566,181,101
796,0,0,0
797,3643,118,42
798,0,0,0
799,6037,214,156
800,11438,870,130
801,0,0,0
802,11195,434,128
803,7837,413,52
804,6404,289,377
805,4116,188,231
806,9417,826,141
807,1242,764,52
808,9797,774,371
809,1293,570,29
810,0,0,0
811,3771,120,94
812,150,369,0
813,4933,143,97
814,710,237,14
815,364,23,38
816,4935,142,28
817,294,177,22
818,2618,115,104
819,2908,512,6
820,6388,384,175
821,3858,458,21
822,8996,1164,376
823,824,859,1
824,0,104,0
825,8015,940,52
826,4373,178,64
827,0,0,0
828,3910,247,115
829,192,193,8
830,4831,245,84
831,10178,542,144
832,0,0,0
833,10242,322,189
834,0,0,0
835,10757,289,237
836,2538,112,66
837,6786,180,319
838,1234,684,5
839,9185,743,142
840,1089,627,4
841,0,0,0
842,4827,133,128
843,290,285,22
844,4514,92,129
845,380,105,4
846,4662,109,150
847,12540,621,205
848,10484,392,144
849,5450,367,189
850,4609,255,69
851,5814,259,257
852,4357,330,104
853,6181,132,230
854,4216,626,47
855,7795,508,183
856,5177,120,148
857,0,104,0
858,252,29,17
859,5032,180,55
860,262,34,53
861,4299,47,171
862,10395,247,495
863,0,0,0
864,10322,278,208
865,5643,307,72
866,4509,441,77
867,9928,797,87
868,1112,695,0
869,3228,316,28
870,9704,1419,103
871,1227,567,0
872,9629,1179,29
873,657,1097,0
874,0,4,0
875,3997,81,85
876,60,5,264
877,3945,112,64
878,10404,272,167
879,5691,319,244
880,6295,335,40
881,4355,290,124
882,5438,305,74
883,4402,314,475
884,9968,745,161
885,1091,795,0
886,0,0,0
887,3561,179,106
888,0,0,0
889,3637,119,48
890,0,0,0
891,606,461,7
892,6037,177,156
893,11414,786,154
894,0,0,0
895,11175,497,148
896,6419,367,362
897,4185,227,162
898,9387,843,171
899,1242,674,52
900,9782,938,386
901,1278,535,44
902,7742,318,68
903,7400,650,79
904,0,0,0
905,3767,106,98
906,150,327,0
907,4949,114,81
908,356,42,46
909,4928,136,35
910,279,204,37
911,2657,117,65
912,2907,556,7
913,6425,320,138
914,6130,311,168
915,3853,502,26
916,9007,1181,365
917,825,808,0
918,0,0,0
919,4370,193,67
920,0,0,0
921,3919,281,106
922,197,160,3
923,4835,352,80
924,10217,531,105
925,11871,384,393
926,0,0,0
927,10255,322,176
928,0,0,0
929,10804,301,190
930,2604,141,5
931,6221,845,146
932,0,116,0
933,6896,439,226
934,2043,191,17
935,0,150,0
936,6527,289,155
937,8864,405,380
938,609,549,50
939,4921,281,213
940,6585,1194,18
941,9402,1384,98
942,24,201,4
943,5112,839,257
944,3900,794,21
945,4451,276,67
946,1453,662,145
947,700,335,3
948,44,436,2
949,7141,1471,504
950,3119,71,537
951,2090,232,248
952,4475,856,173
953,6785,1162,149
954,0,213,0
955,2483,129,76
956,5743,749,161
957,0,5,0
958,0,160,0
959,7376,684,142
960,1969,207,251
961,5652,323,183
962,3838,624,67
963,4228,507,53
964,1315,1023,22
965,193,277,1
966,7168,1402,79
967,3376,165,243
968,1582,347,94
969,259,77,8
970,4249,1386,128
971,7039,534,67
972,10009,361,553
973,152,4,217
974,4749,1098,157
975,4072,892,149
976,0,713,0
977,646,438,0
978,6755,1281,197
979,0,43,0
980,3717,384,11
981,2497,149,69
982,5597,588,350
983,11,213,0
984,7329,1812,56
985,3169,597,18
986,855,359,8
987,4793,919,202
988,6871,827,55
989,10253,465,409
990,254,2,237
991,8138,265,100
992,4790,1372,156
993,3874,776,68
994,4134,199,38
995,1338,260,232
996,103,514,2
997,7709,1529,228
998,3361,633,487
999,0,41,0
1000,9354,357,314
1001,0,435,0
1002,5658,462,47
1003,937,452,37
1004,7096,1405,142
1005,0,37,0
1006,6815,702,121
1007,9565,1509,68
1008,0,207,0
1009,5582,841,216
1010,3860,886,22
1011,3098,1712,15
1012,1621,746,292
1013,529,344,0
1014,1195,97,21
1015,0,618,0
1016,6750,1890,92
1017,3311,138,198
1018,1726,186,93
1019,4603,1072,157
1020,6959,472,64
1021,9943,859,588
1022,142,16,91
1023,7084,298,207
1024,2176,323,22
1025,2482,54,119
1026,0,80,0
1027,8831,239,389
1028,0,915,0
1029,942,863,0
1030,4518,430,93
1031,1347,695,4
1032,35,306,0
1033,7405,1438,31
1034,3112,585,37
1035,880,712,40
1036,12544,455,164
1037,4366,799,246
1038,6215,1543,134
1039,9374,931,289
1040,184,7,144
1041,5029,1033,147
1042,3830,665,437
1043,4254,29,140
1044,1381,328,135
1045,2602,149,7
1046,6159,804,208
1047,126,46,22
1048,0,125,0
1049,6943,394,179
1050,2039,279,21
1051,0,212,0
1052,8897,404,347
1053,593,529,66
1054,4935,357,199
1055,6581,1078,22
1056,9429,1362,71
1057,27,206,1
1058,3103,348,7
1059,5101,811,268
1060,3904,840,17
1061,4458,282,60
1062,1421,636,177
1063,43,495,3
1064,7218,1447,427
1065,3149,97,507
1066,2099,300,239
1067,4484,1070,164
1068,6779,1173,155
1069,6273,390,17
1070,0,188,0
1071,2476,101,83
1072,5704,782,200
1073,0,0,0
1074,7405,655,113
1075,2127,220,93
1076,5634,275,201
1077,3849,613,56
1078,4228,455,53
1079,1325,990,12
1080,646,504,0
1081,194,431,0
1082,7167,1396,80
1083,3373,210,246
1084,1590,323,86
1085,4252,936,125
1086,7040,553,66
1087,10035,372,527
1088,176,2,193
1089,4754,1149,152
1090,4064,751,157
1091,0,451,0
1092,0,756,0
1093,639,146,7
1094,6801,1202,151
1095,0,45,0
1096,2496,165,70
1097,5622,521,325
1098,11,314,0
1099,7321,1309,64
1100,3172,819,15
1101,861,463,2
1102,2761,73,132
1103,4818,870,177
1104,6887,776,39
1105,10192,527,470
1106,229,16,262
1107,4799,1185,147
1108,3866,728,76
1109,4124,173,48
1110,1326,326,244
1111,105,524,0
1112,7613,1536,324
1113,2985,370,34
1114,3263,835,585
1115,1433,363,16
1116,9853,787,119
1117,1414,246,0
1118,9984,557,113
1119,1141,293,2
1120,9584,841,121
1121,5518,125,130
1122,363,67,16
1123,0,1,0
1124,8173,629,125
1125,7507,463,183
1126,439,118,20
1127,5793,307,176
1128,0,0,0
1129,6126,299,158
1130,0,83,0
1131,6696,333,420
1132,0,508,0
1133,6443,547,138
1134,0,365,0
1135,3387,362,61
1136,2327,364,76
1137,0,10,0
1138,3610,102,140
1139,0,0,0
1140,3447,242,109
1141,271,135,0
1142,0,0,0
1143,9768,394,65
1144,0,0,0
1145,9883,692,55
1146,0,0,0
1147,12625,531,141
1148,684,68,33
1149,0,0,0
1150,532,191,27
1151,0,4,0
1152,669,1,105
1153,0,4,0
1154,651,117,42
1155,4973,91,97
1156,120,227,4
1157,5089,221,34
1158,295,25,31
1159,351,141,19
1160,5211,225,53
1161,10705,342,70
1162,0,0,0
1163,3007,370,78
1164,6456,340,80
1165,2833,651,30
1166,0,0,0
1167,10198,390,128
1168,0,0,0
1169,3581,315,23
1170,10111,724,95
1171,0,0,0
1172,10252,377,193
1173,0,0,0
1174,10013,424,173
1175,0,0,0
1176,10668,491,54
1177,0,0,0
1178,10859,281,196
1179,0,0,0
1180,8146,621,38
1181,4240,384,14
1182,6056,245,261
1183,3207,283,61
1184,8940,778,552
1185,0,0,0
1186,6287,279,138
1187,2503,901,1
1188,6244,229,98
1189,2541,832,32
1190,6592,357,278
1191,5780,244,309
1192,2546,345,64
1193,6748,352,383
1194,2194,579,16
1195,5849,203,114
1196,4412,333,107
1197,5983,131,182
1198,4435,274,154
1199,5629,279,165
1200,3091,104,39
1201,8775,528,614
1202,1180,99,42
1203,5679,378,122
1204,0,0,0
1205,2879,228,41
1206,8357,1108,375
1207,2868,213,62
1208,8143,1086,453
1209,3013,92,75
1210,7959,527,356
1211,3148,52,108
1212,7792,775,293
1213,2442,228,97
1214,1445,304,4
1215,9822,668,150
1216,1414,201,0
1217,9984,485,113
1218,1136,277,7
1219,9593,804,112
1220,5511,121,137
1221,363,163,16
1222,0,0,0
1223,431,126,28
1224,12271,369,201
1225,5799,284,170
1226,0,0,0
1227,6118,265,166
1228,0,46,0
1229,6691,360,425
1230,0,507,0
1231,6417,517,164
1232,0,322,0
1233,3394,328,54
1234,0,0,0
1235,5990,170,89
1236,92,73,0
1237,3602,94,148
1238,0,0,0
1239,3455,244,101
1240,261,117,10
1241,0,1,0
1242,9770,373,63
1243,0,0,0
1244,9888,764,50
1245,0,0,0
1246,650,81,67
1247,3019,590,20
1248,0,0,0
1249,496,197,63
1250,0,1,0
1251,650,15,124
1252,0,3,0
1253,656,120,37
1254,4975,107,95
1255,122,157,2
1256,5091,234,32
1257,345,124,25
1258,7124,616,151
1259,5212,344,52
1260,10738,361,37
1261,0,0,0
1262,3009,404,76
1263,6480,389,56
1264,2834,638,29
1265,0,0,0
1266,10173,396,153
1267,0,0,0
1268,10102,712,104
1269,6292,153,232
1270,0,0,0
1271,10253,371,192
1272,0,0,0
1273,10009,386,177
1274,4079,355,100
1275,3569,279,21
1276,3336,243,100
1277,3696,695,72
1278,1101,136,0
1279,1862,183,23
1280,11683,798,128
1281,2687,188,67
1282,4482,293,140
1283,2395,773,184
1284,4766,128,176
1285,0,171,0
1286,2117,104,47
1287,5478,248,78
1288,5687,1012,36
1289,1530,310,4
1290,6228,265,118
1291,6486,322,169
1292,1048,285,9
1293,267,42,2
1294,2206,466,42
1295,6880,1399,119
1296,2908,421,33
1297,5687,849,30
1298,5615,177,137
1299,748,61,45
1300,3182,107,110
1301,3206,1415,104
1302,5709,358,19
1303,0,107,0
1304,2184,379,36
1305,5926,317,133
1306,7486,532,138
1307,2043,115,15
1308,5794,319,106
1309,0,0,0
1310,1781,79,12
1311,3676,454,14
1312,5179,358,98
1313,1274,257,5
1314,3786,325,88
1315,3282,253,332
1316,6133,635,82
1317,1074,92,16
1318,5833,361,108
1319,1085,290,29
1320,2585,249,31
1321,3623,164,103
1322,4260,353,14
1323,7296,2160,212
1324,2385,231,32
1325,1069,169,26
1326,4701,328,97
1327,924,616,29
1328,2203,230,47
1329,3379,174,57
1330,4916,560,55
1331,2064,113,5
1332,3931,183,305
1333,0,57,0
1334,2359,253,16
1335,12761,438,285
1336,6165,330,70
1337,3571,422,38
1338,2001,453,18
1339,4009,415,86
1340,3560,484,390
1341,4111,726,90
1342,3311,92,640
1343,397,95,8
1344,1160,572,36
1345,6168,1044,86
1346,696,226,21
1347,7746,327,64
1348,2476,229,66
1349,4319,190,52
1350,2439,97,131
1351,3536,258,947
1352,0,29,0
1353,1970,197,25
1354,5590,227,82
1355,6186,948,101
1356,1994,177,35
1357,6049,380,133
1358,527,314,2
1359,0,0,0
1360,1105,583,33
1361,3641,484,30
1362,5306,386,161
1363,3560,242,24
1364,1859,261,27
1365,4799,34,260
1366,1495,54,50
1367,3513,282,57
1368,1640,263,0
1369,8147,461,151
1370,2278,334,26
1371,1424,182,13
1372,6018,1066,71
1373,7964,565,127
1374,1438,170,24
1375,5150,385,87
1376,0,4,0
1377,2194,323,11
1378,3876,287,85
1379,5244,189,95
1380,5990,175,89
1381,1821,130,97
1382,3411,693,167
1383,0,186,0
1384,2490,111,117
1385,6592,558,46
1386,3856,294,87
1387,5285,715,129
1388,4100,60,120
1389,4086,306,93
1390,3567,272,23
1391,715,219,2
1392,3326,243,110
1393,3694,603,74
1394,1101,127,0
1395,1866,321,19
1396,2696,195,58
1397,4505,505,117
1398,2401,662,178
1399,4774,130,168
1400,0,180,0
1401,2107,104,57
1402,2306,176,79
1403,5465,239,91
1404,5684,1050,39
1405,1531,273,3
1406,6218,285,128
1407,1048,251,9
1408,267,40,2
1409,2205,472,43
1410,6875,1222,124
1411,2904,448,37
1412,5685,833,32
1413,11722,477,160
1414,5636,204,116
1415,748,50,45
1416,3186,93,106
1417,3204,1259,106
1418,0,146,0
1419,2186,452,34
1420,5925,316,134
1421,7518,539,106
1422,2040,132,18
1423,5771,316,129
1424,6565,401,42
1425,0,0,0
1426,1785,84,8
1427,3679,428,11
1428,5182,353,95
1429,3781,356,93
1430,3231,303,383
1431,6138,727,77
1432,1074,74,16
1433,5838,353,103
1434,1078,265,36
1435,635,456,0
1436,2586,279,30
1437,3622,188,104
1438,4264,332,10
1439,7306,2025,202
1440,1066,114,29
1441,4710,415,88
1442,899,941,54
1443,2203,279,47
1444,3383,160,53
1445,4922,469,49
1446,0,263,0
1447,2058,177,11
1448,3768,207,468
1449,0,48,0
1450,2355,241,20
1451,6171,363,64
1452,3578,395,31
1453,1998,323,21
1454,3995,440,100
1455,3747,479,203
1456,4088,649,113
1457,2308,251,77
1458,2774,53,141
1459,3479,124,472
1460,988,106,96
1461,7210,217,258
1462,3744,89,815
1463,2828,426,470
1464,4231,463,222
1465,5913,361,95
1466,8036,418,945
1467,159,17,81
1468,4685,771,386
1469,2924,212,74
1470,4053,130,93
1471,4413,110,62
1472,1752,1301,257
1473,919,71,166
1474,7378,302,352
1475,4583,102,749
1476,188,66,654
1477,5310,249,321
1478,5276,218,133
1479,6933,169,1003
1480,7900,1427,105
1481,0,0,0
1482,5615,525,486
1483,5065,295,306
1484,4158,84,108
1485,1905,580,437
1486,1106,94,97
1487,7144,200,511
1488,3996,119,832
1489,2693,502,221
1490,4169,412,152
1491,5772,360,82
1492,5900,210,228
1493,7926,475,719
1494,233,1,125
1495,5028,566,429
1496,4017,113,273
1497,4372,92,407
1498,2900,14,1011
1499,717,276,79
1500,6051,249,294
1501,4545,145,737
1502,1318,98,19
1503,304,169,342
1504,5125,704,144
1505,5497,207,581
1506,7410,336,494
1507,0,0,3
1508,5313,573,651
1509,3839,179,93
1510,4181,71,57
1511,1780,651,782
1512,1135,221,105
1513,264,36,9
1514,7406,327,408
1515,4190,111,526
1516,2409,524,261
1517,4207,843,89
1518,5890,305,587
1519,8014,315,890
1520,291,26,232
1521,4998,743,669
1522,4166,69,336
1523,1257,94,19
1524,3385,436,9
1525,2048,3,740
1526,1128,33,587
1527,5873,308,128
1528,4117,135,969
1529,307,128,513
1530,5024,266,256
1531,5998,451,197
1532,7812,251,856
1533,80,0,290
1534,4820,542,504
1535,7036,293,68
1536,3838,129,148
1537,4295,18,154
1538,1413,1298,88
1539,1130,180,77
1540,7444,180,317
1541,4113,144,730
1542,2260,461,218
1543,4285,523,139
1544,5531,210,431
1545,7736,177,1012
1546,517,222,0
1547,267,3,353
1548,5149,1630,189
1549,5177,174,676
1550,1242,13,114
1551,2172,18,472
1552,1786,87,78
1553,5947,337,85
1554,4262,242,362
1555,3105,476,549
1556,4297,499,939
1557,7966,625,27
1558,5616,722,225
1559,8134,326,769
1560,194,0,348
1561,4400,682,538
1562,3989,205,189
1563,4440,60,232
1564,1568,1557,118
1565,888,155,25
1566,7395,209,351
1567,4165,186,850
