# Stats for class 2
0,9602,4112,345
1,743,601,0
2,14138,3524,527
3,7675,3559,229
4,8418,7826,758
5,5165,541,31
6,12085,5566,1188
7,2611,3715,70
8,8366,4607,1397
9,4431,1105,581
10,10277,1181,3043
11,6458,809,2088
12,11117,3934,2132
13,254,87,1415
14,3661,233,64
15,178,24,51
16,8182,1721,1633
17,1401,3921,5
18,17288,934,2844
19,10558,1610,783
20,7327,1787,671
21,4876,2273,236
22,7876,1804,878
23,6226,1276,901
24,7128,2332,201
25,11241,4780,415
26,4509,1916,376
27,11322,6321,354
28,9474,732,1310
29,679,1,105
30,9573,1050,1246
31,3871,1118,17
32,19389,1118,763
33,9747,2630,590
34,7059,1866,346
35,5391,2333,166
36,4128,924,435
37,13884,4833,521
38,257,976,523
39,8,5,0
40,6604,2866,491
41,130,23,10
42,4994,4195,101
43,101,264,2
44,4689,1417,198
45,5946,1783,227
46,3376,2150,124
47,11059,4521,217
48,11419,1859,731
49,1016,355,60
50,1492,606,510
51,2391,433,242
52,7438,2531,212
53,7872,1909,415
54,4164,2495,85
55,982,285,23
56,5822,2118,133
57,4201,3516,261
58,8200,2075,176
59,8219,3578,716
60,1948,418,111
61,11631,3845,511
62,1776,961,35
63,38,56,24
64,8515,2147,326
65,6189,1161,1891
66,9562,1988,335
67,8047,1211,567
68,6315,1107,799
69,13508,3345,766
70,1934,465,279
71,5958,1645,101
72,4704,1873,617
73,172,97,55
74,6992,1850,155
75,5087,1176,603
76,7795,2187,360
77,1859,206,139
78,10679,3617,450
79,695,131,1
80,8549,3445,171
81,405,210,85
82,3379,905,296
83,4789,4143,379
84,5306,4089,163
85,2797,1030,272
86,12139,4247,653
87,3092,711,73
88,12606,4462,405
89,4396,1007,176
90,1971,457,302
91,0,1191,0
92,3787,1663,369
93,4701,1419,445
94,8281,1844,1151
95,1561,176,192
96,11800,1875,443
97,1234,1344,104
98,878,191,434
99,2743,328,193
100,5526,3012,338
101,4028,2594,187
102,5875,8818,175
103,4038,948,233
104,1045,282,47
105,8731,1861,270
106,4394,1651,343
107,5239,1432,567
108,3339,882,146
109,6232,4811,231
110,2811,838,280
111,8579,2485,332
112,1468,571,108
113,8512,2547,371
114,15560,3377,147
115,2023,1293,72
116,2460,3311,60
117,5948,1599,589
118,2515,458,255
119,5913,2228,217
120,5124,3566,71
121,3936,1029,395
122,728,105,108
123,6392,1149,256
124,3937,2192,213
125,18453,2142,427
126,9036,2401,785
127,2203,238,73
128,12713,3527,588
129,557,266,0
130,31,1002,26
131,4591,1244,315
132,4507,5742,282
133,6350,791,501
134,2025,485,67
135,4974,1449,318
136,0,1,0
137,236,414,11
138,7682,3788,265
139,865,1051,118
140,2690,287,312
141,6893,1929,116
142,3194,3448,359
143,8340,2414,476
144,1598,176,296
145,12053,2148,699
146,643,108,4
147,3923,2799,90
148,1268,176,327
149,3388,652,175
150,4705,3989,280
151,3109,2303,160
152,3134,1964,282
153,685,351,27
154,7471,2537,188
155,4447,3274,492
156,4467,1026,164
157,6293,4274,603
158,8203,1750,890
159,4010,1377,69
160,4708,1806,179
161,5926,1798,247
162,3325,1915,175
163,11366,1772,784
164,1000,364,76
165,1433,540,569
166,2346,390,287
167,7416,1848,234
168,7719,1822,568
169,897,176,598
170,4135,1999,114
171,984,300,21
172,5815,2130,140
173,4207,3254,255
174,8300,3368,635
175,1961,457,98
176,11667,4239,475
177,1772,773,39
178,42,36,20
179,8428,1779,413
180,12721,962,869
181,6024,968,2056
182,9498,1707,399
183,8086,1083,528
184,6400,1106,714
185,1996,407,217
186,5974,1538,85
187,4620,1970,701
188,187,120,40
189,7007,2171,140
190,5085,1210,605
191,9214,1278,313
192,7793,2309,362
193,1920,247,78
194,10650,3927,479
195,696,134,0
196,429,308,61
197,3370,991,305
198,4873,4837,295
199,5308,4020,161
200,2806,1123,263
201,12157,4174,635
202,13449,4041,415
203,3102,704,63
204,12556,3294,455
205,4421,882,151
206,1996,500,277
207,3904,1608,252
208,4776,1461,370
209,8227,2038,1205
210,1545,155,208
211,11795,2059,448
212,1288,2395,50
213,8286,2183,301
214,910,214,402
215,2790,432,146
216,5381,2963,483
217,3997,2508,218
218,4005,781,266
219,1055,310,37
220,8687,1624,314
221,4438,1935,299
222,5325,1445,481
223,3368,958,117
224,63,43,834
225,481,1535,514
226,6262,4893,201
227,2857,1140,234
228,8558,2769,353
229,1490,651,86
230,4425,1192,271
231,5949,1421,322
232,3670,2389,192
233,11564,1859,949
234,914,373,89
235,1625,741,376
236,4421,296,81
237,2639,464,256
238,7081,3020,205
239,7830,2269,535
240,4407,2088,224
241,1136,370,26
242,5731,1656,211
243,4409,2956,258
244,8016,3198,833
245,1814,506,103
246,11763,3425,609
247,4339,3409,258
248,1928,960,29
249,92,60,28
250,8741,1821,485
251,6825,1182,2047
252,10154,2351,388
253,7730,1137,651
254,6897,1010,938
255,1960,370,349
256,5960,1569,140
257,4658,1946,779
258,3968,1847,96
259,90,85,52
260,7369,1533,230
261,4831,1151,665
262,8496,2395,394
263,2131,216,180
264,10659,3246,492
265,682,235,5
266,444,229,59
267,3062,992,322
268,5128,4203,374
269,78,138,16
270,5346,3517,159
271,2623,1077,224
272,13267,3858,781
273,3486,611,68
274,12793,5032,470
275,4794,979,198
276,2312,665,276
277,3946,1715,528
278,4903,1567,511
279,8411,1751,1366
280,9893,3653,606
281,1759,125,177
282,12294,1619,663
283,1149,1969,10
284,838,187,500
285,3161,395,217
286,5537,3179,301
287,4316,2829,229
288,3801,1150,181
289,1022,232,37
290,9006,1477,289
291,6967,901,290
292,4269,962,524
293,5272,1441,533
294,3700,874,146
295,6745,4074,243
296,2932,767,307
297,8778,2309,351
298,1491,1056,100
299,2233,1718,159
300,2984,3181,56
301,6094,1345,695
302,17,74,32
303,2773,475,220
304,6053,3153,220
305,4771,3154,87
306,3431,535,433
307,748,133,148
308,6542,1087,301
309,4515,2712,199
310,9132,2324,845
311,1831,253,69
312,13228,3086,599
313,3768,1839,396
314,787,415,3
315,30,955,40
316,4984,1234,343
317,4606,4922,345
318,6338,865,681
319,1952,418,96
320,5005,1324,349
321,248,467,13
322,8159,3967,300
323,1192,825,170
324,8206,2265,727
325,2885,290,232
326,7281,1712,155
327,3194,3238,469
328,7779,2669,490
329,1860,190,273
330,12254,2016,757
331,573,96,6
332,1163,175,323
333,2955,942,151
334,4708,4064,319
335,3830,227,493
336,7364,1039,248
337,3208,2319,162
338,3253,2159,276
339,563,264,50
340,8018,2438,220
341,4854,3322,655
342,4761,874,177
343,6331,4150,844
344,4170,1287,93
345,4440,1536,256
346,5946,1420,325
347,164,98,365
348,3585,2110,277
349,11520,1726,993
350,898,365,105
351,1490,654,511
352,2608,456,287
353,7071,2401,215
354,7757,2172,608
355,4446,1810,185
356,1142,377,20
357,5733,1610,209
358,1125,217,55
359,4411,2415,256
360,8094,3035,755
361,1824,499,93
362,11793,3605,579
363,1923,777,34
364,95,41,25
365,8671,1616,555
366,6651,990,2221
367,10097,2117,445
368,7714,1023,667
369,7046,2756,488
370,6951,987,884
371,1979,314,330
372,5966,1466,134
373,4585,1968,852
374,102,129,40
375,7420,1767,179
376,4819,1236,677
377,8521,2637,369
378,2206,249,105
379,10610,3451,541
380,5904,3299,952
381,682,243,5
382,426,449,77
383,3051,979,333
384,5147,4585,355
385,5337,3400,168
386,2604,1079,243
387,13225,3554,823
388,3488,559,66
389,12708,3394,555
390,4797,1012,195
391,2214,443,518
392,2378,733,210
393,4175,1689,299
394,4977,1632,437
395,8382,1765,1395
396,1768,103,168
397,12343,1859,614
398,1151,2760,8
399,871,208,467
400,3217,446,161
401,5440,2964,398
402,6,980,0
403,4288,2721,257
404,3789,805,193
405,1022,256,37
406,9000,1497,295
407,4401,1141,392
408,5359,1406,446
409,3721,958,125
410,6786,4435,202
411,2923,1014,316
412,8772,2414,357
413,7933,4241,296
414,1508,989,83
415,4131,1091,232
416,6328,3566,413
417,20443,2226,534
418,6767,696,655
419,5412,3901,829
420,10275,1951,815
421,15612,3894,2061
422,4597,344,71
423,3626,4317,776
424,777,413,141
425,5744,1126,1076
426,13552,357,219
427,8121,669,1413
428,4196,404,733
429,7853,2830,431
430,21121,2412,601
431,3702,620,83
432,2993,506,4606
433,10066,1544,389
434,11777,2195,356
435,501,1657,0
436,1018,98,18
437,687,3141,21
438,3469,1529,234
439,14425,552,809
440,6517,594,463
441,4541,766,190
442,6304,3812,357
443,20731,2246,1560
444,6133,533,1008
445,6261,3489,539
446,10230,3436,591
447,5584,2299,367
448,9027,1709,295
449,15592,3771,709
450,5111,395,9
451,4359,3776,784
452,5002,2658,131
453,13069,599,1896
454,7240,1489,78
455,6172,2281,325
456,4580,3414,434
457,13341,1671,1039
458,88,161,28
459,4283,634,52
460,1830,852,91
461,10406,1980,2377
462,10741,1685,303
463,1164,163,6
464,5560,2664,759
465,5235,1768,359
466,14503,451,479
467,6319,1051,530
468,4901,1263,323
469,350,495,127
470,10368,2795,1095
471,19953,1925,1779
472,5683,408,785
473,6818,2260,1787
474,6391,2777,175
475,15832,3087,381
476,5189,373,72
477,2967,4429,494
478,5545,2190,258
479,10081,488,596
480,5059,3467,748
481,4340,650,61
482,6179,1770,40
483,4720,1979,516
484,12686,1847,414
485,4643,1039,52
486,1921,763,134
487,9478,2251,821
488,17596,2862,820
489,3424,425,12
490,4136,4508,341
491,3559,1615,194
492,4419,1994,233
493,14153,608,168
494,7666,481,1451
495,3994,1355,195
496,8751,1804,1065
497,19857,2660,586
498,6049,452,573
499,8500,2578,1314
500,7394,2659,1482
501,17195,3717,243
502,5095,2918,223
503,4731,522,17
504,1160,1404,3903
505,4763,3002,319
506,10803,861,139
507,4040,641,117
508,6387,1619,405
509,5320,2038,340
510,12469,1429,322
511,6103,772,657
512,7463,2725,1381
513,8312,1534,251
514,8820,1636,825
515,15412,4505,1723
516,3690,649,1
517,4416,5290,122
518,6977,1547,583
519,13869,421,700
520,8193,767,1328
521,4499,758,255
522,7434,5119,290
523,20488,2770,395
524,128,700,160
525,5911,704,88
526,4833,3409,787
527,10113,1712,710
528,12926,1926,912
529,1387,97,3
530,33,4050,0
531,3435,1659,632
532,10267,716,227
533,4726,551,206
534,4140,1310,223
535,441,181,47
536,6291,4106,450
537,20172,1960,805
538,6491,613,931
539,5408,3817,833
540,10165,1713,925
541,15895,3379,1778
542,4634,273,34
543,3758,5215,644
544,5691,1184,1129
545,13602,401,169
546,8901,1810,570
547,8354,719,1180
548,4275,526,654
549,7935,3288,349
550,21227,2626,495
551,3687,514,98
552,2515,300,5084
553,10105,1420,350
554,11744,2034,389
555,1014,115,22
556,689,3411,19
557,4422,2526,153
558,6773,2755,829
559,3426,1737,277
560,14097,497,1137
561,6407,545,573
562,4485,719,246
563,6291,3990,370
564,20945,2220,1346
565,6272,612,869
566,6412,3963,388
567,9134,2223,188
568,15735,4136,566
569,2037,1197,127
570,5106,348,14
571,4328,3893,815
572,4953,2692,180
573,13338,573,1627
574,7190,1557,128
575,6283,2186,214
576,4629,3448,385
577,13488,1668,892
578,4280,676,55
579,1795,757,126
580,38,177,10
581,10322,1770,2461
582,10732,1513,312
583,1159,107,11
584,5532,2392,787
585,5289,1875,305
586,14555,548,427
587,6307,976,542
588,4927,1270,297
589,10268,2867,1195
590,19456,2817,2276
591,7947,3335,831
592,5851,499,617
593,7279,2944,1326
594,6409,3182,157
595,15927,3398,286
596,5223,412,38
597,3016,4340,445
598,5507,2172,296
599,10113,519,564
600,4361,771,40
601,6159,1749,60
602,3554,1321,261
603,4680,2021,556
604,12686,1820,414
605,4637,1074,58
606,1963,807,92
607,5838,248,788
608,2773,1604,817
609,144,3,32
610,10626,1341,811
611,1134,255,327
612,305,2,652
613,18,101,4
614,3599,559,4009
615,6999,1147,1296
616,8250,3615,641
617,17867,4517,1235
618,17776,2172,1256
619,3269,129,302
620,7185,1056,1651
621,7445,1255,946
622,13895,533,2162
623,6535,211,1100
624,2523,2821,1115
625,2542,696,316
626,8199,4470,1326
627,16431,1345,1131
628,7081,346,1189
629,5139,3009,7012
630,9301,3177,401
631,297,146,16
632,4459,781,137
633,3717,2064,481
634,24,0,59
635,8502,3113,314
636,8026,760,1528
637,160,376,756
638,5932,4395,541
639,11911,8476,788
640,11568,350,2295
641,7530,205,1038
642,3279,1419,120
643,7587,2421,1724
644,13948,858,1167
645,6446,314,574
646,969,512,179
647,9739,2202,1480
648,14108,1718,1101
649,19138,3989,1591
650,2937,359,27
651,4642,3120,2722
652,7891,5960,789
653,412,86,494
654,2245,170,2982
655,6117,712,3960
656,126,13,66
657,838,228,149
658,4079,209,1560
659,1067,1123,1626
660,3334,3377,49
661,9737,7784,1560
662,17332,1072,628
663,6252,83,1519
664,9731,1743,2068
665,15306,1610,1051
666,15518,2340,1564
667,2109,371,8
668,11083,5051,497
669,8106,3794,463
670,5823,2667,1323
671,7513,1257,982
672,14347,586,972
673,7072,236,666
674,2381,933,68
675,7688,4072,813
676,14928,4129,2126
677,273,0,1246
678,4796,756,4935
679,1023,90,2931
680,990,649,274
681,2345,535,1134
682,6816,1092,2752
683,47,0,119
684,16043,8434,1502
685,18880,2052,1219
686,3292,53,145
687,7951,2003,1517
688,11407,2533,1289
689,15290,328,3725
690,5611,457,1155
691,103,395,8
692,2584,1451,308
693,7323,3188,2087
694,15694,1319,520
695,7208,475,685
696,9758,5920,1106
697,14192,2467,1210
698,15675,4989,1774
699,3463,113,175
700,7959,466,5565
701,1198,539,257
702,7056,2460,374
703,1657,767,83
704,8225,2482,737
705,1818,669,321
706,3511,3223,347
707,11582,290,875
708,7523,95,1109
709,4102,642,232
710,10235,3930,1710
711,17224,1386,862
712,6777,419,1328
713,305,127,2
714,10081,1735,2165
715,14934,2412,1611
716,18957,2427,2106
717,2597,178,12
718,4358,3667,1821
719,8850,3812,768
720,13212,592,200
721,7499,225,815
722,1431,113,5195
723,2877,1719,713
724,10847,1755,112
725,151,8,25
726,10654,1533,783
727,1163,292,298
728,934,1429,23
729,2656,573,4952
730,6489,680,1806
731,8058,4498,833
732,18051,3249,1051
733,17115,2777,1917
734,3220,106,351
735,4445,3066,267
736,7678,1265,1158
737,7394,1298,997
738,14240,623,1817
739,6519,249,1116
740,2609,735,249
741,8270,3515,1255
742,16396,1279,1166
743,7083,391,1187
744,10660,1547,1491
745,9435,4102,267
746,1573,1197,209
747,301,219,12
748,4538,1310,58
749,3898,2594,300
750,83,64,0
751,7153,449,2401
752,62,202,854
753,5990,5352,483
754,11863,8250,836
755,13084,1390,779
756,7452,165,1116
757,64,64,0
758,3287,1584,112
759,7582,2572,1729
760,14063,1025,1052
761,6349,270,671
762,9836,2143,1383
763,14048,1534,1161
764,19051,3718,1678
765,2923,346,41
766,6361,1819,1003
767,8091,11697,589
768,8115,2724,432
769,688,488,218
770,3708,345,1519
771,8160,2188,1917
772,157,56,35
773,3181,129,2458
774,443,848,2250
775,3304,1725,79
776,9907,5856,1390
777,17105,3967,855
778,6615,133,1156
779,9219,2089,209
780,7393,937,152
781,10679,2231,1120
782,15487,1980,870
783,15789,2739,1293
784,2110,413,7
785,5759,2742,1387
786,7507,1335,988
787,14719,671,600
788,7165,264,573
789,2292,778,157
790,7266,2890,1235
791,176,147,102
792,16545,2502,509
793,2909,623,120
794,9263,3588,830
795,17767,1516,719
796,6773,1024,1491
797,11355,985,2703
798,10504,2537,664
799,14165,3047,1273
800,2755,417,14
801,5630,2853,477
802,3910,1639,181
803,6496,2877,185
804,10898,397,1602
805,8517,289,485
806,3709,1040,298
807,6421,4354,249
808,18764,2074,209
809,5088,438,2000
810,7247,3774,885
811,9203,2334,320
812,17221,3051,1318
813,9642,3124,761
814,4076,287,26
815,4672,1927,699
816,4978,1880,193
817,11351,487,1244
818,6967,418,421
819,3408,1039,472
820,8867,3284,962
821,17446,2339,520
822,7271,961,1129
823,9822,1369,1919
824,4107,1155,834
825,10583,1876,884
826,14676,4613,689
827,2899,163,26
828,5119,1294,309
829,5590,2428,171
830,12443,438,392
831,7281,339,603
832,4157,974,267
833,7609,3750,508
834,18526,2047,178
835,61,16,269
836,5283,504,771
837,5088,6056,779
838,9284,1825,289
839,17312,2774,464
840,3743,322,12
841,5388,1507,1458
842,6797,1834,530
843,11886,651,1038
844,6520,433,594
845,3167,721,163
846,1004,502,0
847,8625,4549,588
848,18535,955,1395
849,5605,1157,1067
850,10227,2146,751
851,12725,1347,383
852,15669,2719,1061
853,3703,187,47
854,4394,1792,819
855,5135,1931,352
856,12090,391,433
857,6702,2946,368
858,7630,452,891
859,3885,1529,176
860,6739,3335,277
861,19041,1911,574
862,4627,714,516
863,6762,2994,1087
864,12307,2314,586
865,16049,3530,671
866,2458,241,6
867,5677,872,1860
868,6197,2629,495
869,7637,2100,457
870,11497,611,776
871,6552,783,157
872,3982,705,211
873,7743,7371,246
874,19521,2686,620
875,6205,992,462
876,7465,3480,263
877,12472,1816,280
878,14993,3113,533
879,3213,1704,282
880,3377,227,32
881,4393,1338,1383
882,6168,1411,260
883,13139,279,479
884,7864,251,542
885,4683,1175,286
886,5848,2151,441
887,19974,1625,384
888,6929,1195,628
889,10479,1390,1678
890,949,571,2
891,8391,3515,363
892,10098,3046,580
893,13628,5215,342
894,2507,285,12
895,5354,1794,1002
896,7496,1861,438
897,11503,494,420
898,7446,260,325
899,4420,761,373
900,6849,6191,200
901,20166,1994,544
902,947,945,298
903,4231,637,1245
904,7611,3204,540
905,10964,1877,388
906,16053,3366,626
907,3938,380,41
908,2504,4889,535
909,5038,2007,239
910,14783,393,497
911,6864,409,430
912,2931,918,98
913,812,327,493
914,9312,4326,781
915,17883,1457,603
916,6795,1384,1469
917,11725,1096,2333
918,10216,2270,952
919,13566,2681,1872
920,2749,328,20
921,5591,2692,516
922,6483,2913,198
923,11663,534,837
924,8632,3012,379
925,8730,301,272
926,3821,1263,186
927,6469,4381,201
928,18816,2137,157
929,5011,308,2077
930,6781,3822,1351
931,9153,2056,370
932,17108,2763,1431
933,4074,282,28
934,4989,2078,382
935,853,378,216
936,4931,1743,240
937,11100,464,1495
938,6795,264,593
939,3296,1029,584
940,9213,4288,616
941,17568,2714,398
942,7652,1159,748
943,10779,2715,962
944,10960,2282,507
945,14509,4929,856
946,12039,2815,359
947,2883,124,42
948,4998,1122,430
949,5564,2367,197
950,12359,607,476
951,7400,345,484
952,4249,1113,175
953,7626,3537,491
954,18497,1883,207
955,5228,505,826
956,4853,5921,1014
957,5904,868,113
958,9120,1665,453
959,17293,2772,483
960,3746,284,9
961,5300,1548,1546
962,6816,1687,511
963,11262,564,1662
964,6537,398,577
965,3166,796,164
966,8622,5092,591
967,19116,1662,814
968,17,24,21
969,5804,1195,868
970,10424,2624,554
971,12801,1590,307
972,15790,3233,940
973,3707,210,43
974,4549,1692,664
975,5085,1923,402
976,11962,330,561
977,7432,428,1089
978,3840,1511,221
979,3064,1547,170
980,6769,3638,247
981,19093,1818,522
982,4669,656,474
983,6801,2888,1048
984,5275,3489,126
985,4619,2106,340
986,12009,2288,174
987,5013,1893,36
988,1588,394,176
989,7952,1899,379
990,5835,2088,431
991,7747,2097,90
992,3053,222,15
993,578,2110,188
994,5169,1992,1271
995,3953,236,211
996,5075,780,95
997,2194,492,309
998,1955,2187,230
999,12771,1402,277
1000,8434,1244,1327
1001,0,0,0
1002,8386,1723,291
1003,3449,1228,1695
1004,2028,664,655
1005,3875,996,183
1006,9324,918,563
1007,7386,1561,1018
1008,2237,207,250
1009,1418,3531,31
1010,3702,2487,106
1011,9678,226,710
1012,5823,423,111
1013,764,314,287
1014,3667,4623,101
1015,4202,3448,245
1016,10251,1509,127
1017,3580,1540,112
1018,2978,912,235
1019,10296,1535,517
1020,9080,1381,181
1021,2040,243,35
1022,1778,4661,1655
1023,2746,2756,168
1024,524,316,4
1025,1704,552,750
1026,5076,346,812
1027,8299,1548,350
1028,2170,1814,419
1029,5272,1269,314
1030,6246,1395,401
1031,4360,376,661
1032,5120,1715,32
1033,1676,1271,33
1034,8581,2182,444
1035,7018,3046,398
1036,8890,2087,130
1037,2292,109,13
1038,271,2203,533
1039,5659,2859,221
1040,5827,383,79
1041,7039,676,258
1042,1914,930,39
1043,2974,1180,827
1044,12279,1855,122
1045,3852,538,96
1046,5439,3012,787
1047,2605,1637,3085
1048,9993,1394,540
1049,3834,539,1595
1050,5145,1359,693
1051,6410,2907,808
1052,1661,480,174
1053,8408,1779,844
1054,859,599,229
1055,9931,674,216
1056,5170,429,144
1057,2193,382,177
1058,5644,2971,128
1059,4578,3050,541
1060,10906,1800,162
1061,4315,2036,30
1062,1339,1137,188
1063,8305,2081,419
1064,6403,2941,149
1065,3215,395,22
1066,1263,2049,1046
1067,3814,1314,330
1068,37,57,9
1069,5097,888,221
1070,6672,792,180
1071,4821,1406,499
1072,8879,1913,1125
1073,1990,969,303
1074,8537,1170,529
1075,3653,1408,730
1076,3986,5728,452
1077,3170,1327,224
1078,10203,1951,469
1079,9364,3426,569
1080,10056,2080,243
1081,1618,124,7
1082,298,2859,116
1083,5543,1946,610
1084,8322,650,82
1085,6445,634,64
1086,2998,1533,197
1087,3267,2601,352
1088,9571,1858,238
1089,2963,1499,33
1090,2480,1130,161
1091,2348,3083,121
1092,8027,2214,462
1093,5114,1489,170
1094,3018,135,4
1095,8976,1868,980
1096,4633,1828,582
1097,8361,1772,588
1098,1911,824,137
1099,1953,516,365
1100,3696,1264,1120
1101,185,131,7
1102,5284,3327,117
1103,4566,2040,393
1104,11985,2328,198
1105,4998,1639,51
1106,1607,904,157
1107,7965,2144,366
1108,7736,2341,101
1109,3049,254,19
1110,617,2192,149
1111,5295,1913,1145
1112,12183,8457,130
1113,4454,1005,430
1114,593,1328,724
1115,4039,283,125
1116,5095,964,75
1117,2266,698,237
1118,1954,2307,231
1119,12958,2391,90
1120,8339,1115,1422
1121,3391,1065,1753
1122,2054,758,629
1123,3865,981,193
1124,9261,715,626
1125,5648,1471,631
1126,7360,1141,1044
1127,2220,181,267
1128,1422,3306,27
1129,3690,2565,118
1130,10132,367,256
1131,5809,421,125
1132,3656,4398,112
1133,4195,3240,252
1134,10178,1329,200
1135,3595,1593,97
1136,3971,2343,554
1137,3030,1119,183
1138,10444,1869,369
1139,9089,1343,172
1140,2048,225,27
1141,1185,1969,2248
1142,2698,2272,216
1143,1497,566,957
1144,4958,321,930
1145,8194,1298,455
1146,2251,1836,338
1147,9994,3885,475
1148,5300,1343,286
1149,6269,1501,378
1150,4396,400,625
1151,5128,1727,24
1152,1668,1291,41
1153,8637,2295,388
1154,8888,2189,132
1155,2285,100,20
1156,308,2567,496
1157,5570,2503,310
1158,1265,600,224
1159,5834,399,72
1160,7084,787,213
1161,1916,976,37
1162,2966,1052,835
1163,12300,2248,101
1164,3846,510,102
1165,2820,1983,2870
1166,9906,1137,627
1167,3864,693,1565
1168,5285,1913,553
1169,849,146,368
1170,6479,3085,739
1171,1687,495,148
1172,8516,2202,736
1173,876,626,212
1174,0,91,734
1175,15759,595,11326
1176,0,0,4
1177,6968,2118,377
1178,5635,1797,179
1179,8095,2092,420
1180,8321,2494,138
1181,5887,2240,149
1182,5493,3119,348
1183,14025,1451,1103
1184,10,13,10
1185,7839,1721,138
1186,4011,4672,670
1187,6894,1808,252
1188,5625,3977,627
1189,6515,1138,232
1190,6591,2965,2071
1191,1345,1371,7
1192,11596,2030,2726
1193,200,16,48
1194,2,154,732
1195,16914,929,10171
1196,0,0,4
1197,6981,1676,364
1198,5579,1486,235
1199,8197,2191,318
1200,5881,2052,155
1201,5568,4156,273
1202,245,186,74
1203,14557,2516,571
1204,11,15,9
1205,7703,1180,274
1206,3779,3582,902
1207,6921,1535,225
1208,5568,3662,684
1209,6514,912,233
1210,7619,4787,1043
1211,12683,2396,1639
1212,173,15,75
1213,10055,1746,465
1214,45,251,689
1215,15778,646,11307
1216,0,0,4
1217,7085,2580,260
1218,5405,1438,409
1219,8057,1654,458
1220,5833,2103,203
1221,5454,2352,387
1222,14114,1368,1014
1223,11,32,9
1224,8046,2324,99
1225,6318,2961,285
1226,7850,1892,127
1227,4161,5576,520
1228,6948,1719,198
1229,5646,4154,606
1230,6445,1039,302
1231,7337,4200,1325
1232,12232,2291,2090
1233,235,30,13
1234,123,386,611
1235,14444,462,12641
1236,2022,363,100
1237,0,0,4
1238,6908,1514,437
1239,5585,1298,229
1240,8111,1949,404
1241,5905,2403,131
1242,5513,3399,328
1243,14398,2084,730
1244,11,19,9
1245,7731,1174,246
1246,3845,4456,836
1247,60,133,35
1248,6939,1858,207
1249,5254,3543,998
1250,6484,1222,263
1251,7736,4643,926
1252,11836,2426,2486
1253,226,28,22
1254,83,217,651
1255,16379,949,10706
1256,0,0,4
1257,6951,1497,394
1258,6708,3605,397
1259,5567,1543,247
1260,8096,1903,419
1261,5880,2240,156
1262,5565,2554,276
1263,14591,2623,537
1264,11,17,9
1265,7850,1673,127
1266,3778,3890,903
1267,6918,1712,228
1268,5256,3090,996
1269,5721,860,143
1270,6504,1248,243
1271,7459,3808,1203
1272,12117,2314,2205
1273,226,78,22
1274,45,90,689
1275,15257,637,11828
1276,0,0,4
1277,6974,2008,371
1278,5619,1920,195
1279,8072,2187,443
1280,177,56,24
1281,5889,2218,147
1282,5502,3030,339
1283,14167,1476,961
1284,10,11,10
1285,7848,1924,129
1286,4053,4727,628
1287,6929,1464,217
1288,5532,3705,720
1289,6508,1117,239
1290,6291,2838,2371
1291,3391,1794,330
1292,11782,2147,2540
1293,209,24,39
1294,51,229,683
1295,16827,987,10258
1296,0,0,4
1297,6964,1694,381
1298,5669,1584,145
1299,8158,2255,357
1300,5850,2072,186
1301,5537,3939,304
1302,9836,2887,741
1303,14523,2267,605
1304,11,18,9
1305,7731,1154,246
1306,3737,3316,944
1307,6962,1300,184
1308,5347,3046,905
1309,6500,974,247
1310,7445,3986,1217
1311,12738,2392,1584
1312,194,15,54
1313,2755,1245,159
1314,54,237,680
1315,15596,705,11489
1316,0,0,4
1317,7067,2673,278
1318,5457,1407,357
1319,8065,1788,450
1320,5852,2065,184
1321,5477,2392,364
1322,14082,1273,1046
1323,11,28,9
1324,656,109,354
1325,7864,1933,113
1326,4053,4942,628
1327,6945,1819,201
1328,5645,3965,607
1329,6478,1012,269
1330,7561,3689,1101
1331,12141,2228,2181
1332,226,95,22
1333,9202,4244,641
1334,1053,525,129
1335,345,684,679
1336,599,547,0
1337,994,347,152
1338,1345,1242,228
1339,180,268,31
1340,6500,3062,295
1341,2356,1516,120
1342,65,105,2
1343,4380,4097,299
1344,1184,905,84
1345,5214,4904,238
1346,590,395,20
1347,4767,3313,290
1348,6649,2354,657
1349,1285,2238,31
1350,6169,3113,608
1351,536,427,292
1352,296,618,23
1353,5166,2189,210
1354,7689,6566,529
1355,5072,1845,316
1356,4122,1496,300
1357,7077,2149,396
1358,38,864,0
1359,2959,1289,172
1360,6518,2156,169
1361,2485,911,209
1362,29,185,3
1363,7517,1839,444
1364,4768,490,254
1365,92,844,59
1366,5119,589,439
1367,31,2200,59
1368,6039,792,345
1369,401,503,145
1370,802,4232,29
1371,4575,1130,232
1372,7,376,81
1373,3568,5387,184
1374,1399,278,2675
1375,5585,6035,4458
1376,721,339,128
1377,527,246,45
1378,3687,1394,278
1379,312,274,23
1380,5168,2215,290
1381,2764,1047,119
1382,1931,1014,247
1383,5480,2272,123
1384,4833,594,340
1385,305,404,93
1386,8388,2489,445
1387,0,237,2
1388,9477,1548,465
1389,41,161,53
1390,9115,1638,898
1391,3667,1965,528
1392,76,152,28
1393,8101,4817,433
1394,2558,1602,624
1395,10,66,8
1396,3725,2211,926
1397,393,159,7
1398,7498,3047,1614
1399,921,987,49
1400,6809,3184,152
1401,1821,926,22
1402,4402,3551,195
1403,76,318,1
1404,2912,978,267
1405,2391,1007,442
1406,4841,1797,265
1407,4867,814,468
1408,4330,1332,229
1409,6112,1394,318
1410,5600,933,213
1411,4952,1353,282
1412,6277,1313,309
1413,3951,1753,113
1414,2963,1993,584
1415,104,38,109
1416,9136,6194,2268
1417,3873,4662,515
1418,8199,3025,480
1419,972,412,96
1420,8581,2428,296
1421,1195,1065,179
1422,76,274,0
1423,4366,3368,183
1424,76,147,18
1425,1111,677,139
1426,13,47,17
1427,3590,1318,492
1428,2606,1163,150
1429,5979,1262,99
1430,4638,1738,132
1431,6044,2087,141
1432,4418,4295,51
1433,5293,1214,209
1434,3299,1132,276
1435,9900,3271,599
1436,7540,1167,382
1437,3546,1648,709
1438,9311,4114,532
1439,1094,730,88
1440,1046,534,100
1441,1400,1379,173
1442,198,560,13
1443,6441,3337,354
1444,2390,1527,86
1445,62,114,5
1446,10409,3693,577
1447,7059,826,198
1448,4382,4143,297
1449,1170,773,98
1450,5166,4904,286
1451,585,389,25
1452,6514,2587,792
1453,1286,2363,30
1454,6089,3374,688
1455,525,469,303
1456,302,631,17
1457,5154,2056,222
1458,41,123,8
1459,7660,6920,558
1460,5032,1633,356
1461,4100,2000,322
1462,7066,1990,407
1463,2925,1160,206
1464,6491,2081,196
1465,2482,940,212
1466,32,140,0
1467,7515,1865,446
1468,4747,463,275
1469,3712,1921,452
1470,85,875,66
1471,5137,601,421
1472,0,2504,90
1473,6006,823,378
1474,799,4120,32
1475,4590,1094,217
1476,10,368,78
1477,3525,5142,227
1478,1565,372,2509
1479,5953,7138,4090
1480,8202,2618,731
1481,763,369,86
1482,534,333,38
1483,3513,975,452
1484,318,254,17
1485,2776,956,107
1486,1894,823,284
1487,5473,2270,130
1488,4931,757,242
1489,289,380,109
1490,8426,2084,407
1491,7348,1027,264
1492,0,216,2
1493,9494,1354,448
1494,44,144,50
1495,9165,1832,848
1496,93,185,11
1497,8160,5322,374
1498,2602,1697,580
1499,7,14,11
1500,3303,1920,1348
1501,4557,975,232
1502,184,112,345
1503,6388,3584,362
1504,19307,2841,411
1505,6868,757,1010
1506,5764,3821,790
1507,9923,1890,722
1508,15529,3604,1953
1509,4623,291,34
1510,3502,4327,955
1511,6099,1469,1209
1512,13245,289,889
1513,1144,264,36
1514,8459,528,1347
1515,3968,406,840
1516,7948,2280,781
1517,21579,2128,393
1518,3753,657,139
1519,2850,719,4930
1520,9803,1645,450
1521,11835,2258,580
1522,845,82,28
1523,503,2912,41
1524,7048,3159,486
1525,3679,1211,397
1526,14298,558,875
1527,6648,497,502
1528,4444,821,375
1529,6067,3823,582
1530,21319,2150,2095
1531,5904,550,1092
1532,5881,3222,540
1533,8931,1662,319
1534,15575,3303,849
1535,5842,3525,1014
1536,5517,375,18
1537,4402,3652,787
1538,4915,2908,275
1539,13372,595,1626
1540,7238,1123,110
1541,6396,2291,236
1542,4237,3177,620
1543,13270,1750,1420
1544,4259,585,178
1545,1751,695,100
1546,2282,613,450
1547,10481,1849,2534
1548,11338,1716,341
1549,1310,163,10
1550,5235,1979,1447
1551,4998,1626,356
1552,15169,457,751
1553,6470,944,594
1554,4918,1075,300
1555,9607,2447,1102
1556,19155,1601,2229
1557,7706,3292,198
1558,6,776,0
1559,5227,408,925
1560,6713,1836,2215
1561,6443,2629,192
1562,16531,3009,697
1563,4797,311,351
1564,3024,3673,550
1565,5718,2143,537
1566,9421,536,1433
1567,4615,649,59
1568,6241,1271,95
1569,7944,4726,285
1570,4693,1901,581
1571,12912,2079,619
1572,4390,1201,70
1573,1757,531,320
1574,9620,2384,395
1575,16432,3131,825
1576,3358,347,19
1577,4248,3936,415
1578,4379,2192,485
1579,14056,542,408
1580,837,481,81
1581,7723,349,1259
1582,4316,1290,288
1583,8978,1903,1268
1584,19632,2330,599
1585,5696,352,658
1586,8448,2471,1294
1587,7636,2479,1595
1588,17699,3435,366
1589,4965,409,30
1590,1179,1416,3760
1591,501,1627,0
1592,4573,3145,435
1593,10791,1517,185
1594,4086,696,186
1595,6170,1600,506
1596,5866,1990,479
1597,12889,1547,346
1598,5809,544,743
1599,7162,1905,2101
1600,8603,1715,691
1601,15611,4568,1966
1602,5679,2268,272
1603,3929,651,0
1604,4297,4591,150
1605,6500,1427,677
1606,13244,414,1037
1607,8660,514,1325
1608,5021,732,298
1609,7729,5375,458
1610,21345,2931,646
1611,5861,526,225
1612,5154,3415,576
1613,82,141,34
1614,9319,1702,738
1615,13117,1963,1210
1616,1541,140,8
1617,56,4039,0
1618,3330,1724,618
1619,9420,846,357
1620,5028,575,187
1621,4538,1102,251
1622,6321,3959,429
1623,19144,2441,574
1624,378,396,99
1625,6621,595,1257
1626,5750,3851,804
1627,9831,1709,814
1628,15302,2996,2180
1629,4617,229,40
1630,3567,4767,890
1631,6012,1417,1296
1632,13319,392,815
1633,8647,603,1159
1634,4056,526,752
1635,5022,3298,785
1636,8064,2992,665
1637,21682,2551,290
1638,3706,563,186
1639,2530,469,5250
1640,9841,1467,412
1641,11841,2096,574
1642,837,108,36
1643,521,2866,23
1644,3672,1415,404
1645,13828,476,1345
1646,3564,1556,189
1647,6514,430,636
1648,4408,671,411
1649,6088,3820,561
1650,21875,2246,1539
1651,6117,688,879
1652,6000,3496,421
1653,9019,2275,231
1654,15608,3473,816
1655,5508,318,27
1656,4369,3754,820
1657,5121,2614,197
1658,4887,2947,303
1659,13928,681,1070
1660,7156,1227,192
1661,6495,2216,137
1662,4317,3053,540
1663,13501,1755,1189
1664,4312,640,125
1665,1746,636,105
1666,10396,1631,2619
1667,11334,1641,345
1668,3642,187,83
1669,8344,1526,219
1670,1305,131,15
1671,5021,1422,1661
1672,5039,1850,315
1673,15388,594,532
1674,6435,912,629
1675,4929,1103,289
1676,9652,2458,1057
1677,19066,2092,2318
1678,5565,576,587
1679,7374,2400,1554
1680,128,1029,160
1681,6455,3107,180
1682,16690,3354,538
1683,4865,364,283
1684,3128,3787,446
1685,5606,2050,649
1686,9669,535,1185
1687,4623,673,51
1688,6217,1394,119
1689,4656,2091,618
1690,12952,2102,579
1691,451,203,37
1692,4391,1119,69
1693,1797,582,280
1694,9542,3923,539
1695,3930,1462,572
1696,7447,1637,435
1697,3301,1608,171
1698,6449,1449,200
1699,2044,1062,190
1700,0,158,0
1701,8066,1722,527
1702,9001,2043,470
1703,5421,629,367
1704,74,820,22
1705,5487,446,477
1706,66,2698,4
1707,5719,638,458
1708,770,3742,33
1709,4233,1003,360
1710,66,436,90
1711,3430,4919,155
1712,1726,467,2627
1713,6847,2775,755
1714,4894,5546,4498
1715,329,764,26
1716,7162,2025,2693
1717,963,987,70
1718,6642,2315,299
1719,1548,837,69
1720,98,215,9
1721,2977,990,251
1722,2348,1284,460
1723,5072,2409,178
1724,2037,1203,127
1725,5422,804,267
1726,4561,1878,162
1727,6191,1513,354
1728,5674,1008,296
1729,4830,1676,296
1730,6629,1529,386
1731,3036,2184,309
1732,73,3,109
1733,9127,6164,2221
1734,4022,4193,508
1735,38,233,10
1736,876,446,153
1737,950,226,175
1738,1633,1607,178
1739,470,898,17
1740,6606,2847,350
1741,2059,1513,201
1742,45,88,2
1743,4808,4075,280
1744,1089,1063,98
1745,5535,4965,310
1746,7955,3072,823
1747,515,1126,24
1748,7015,2323,825
1749,1297,2050,65
1750,5987,2302,1010
1751,673,950,333
1752,203,478,16
1753,5114,1866,242
1754,7648,6920,497
1755,4936,1897,242
1756,480,396,59
1757,3549,1294,266
1758,4035,1613,547
1759,184,211,28
1760,2558,940,170
1761,1982,1122,245
1762,5723,2037,153
1763,5493,868,320
1764,292,805,83
1765,8575,2298,542
1766,0,290,0
1767,9592,1382,636
1768,14,117,8
1769,46,110,57
1770,9117,2014,809
1771,60,79,17
1772,9376,5391,354
1773,2676,1433,250
1774,26,136,0
1775,3357,1654,1816
1776,8420,2832,1068
1777,800,442,105
1778,8191,2271,376
1779,11151,4881,505
1780,2477,2752,1161
1781,1352,1070,191
1782,30,44,31
1783,4792,3566,128
1784,1096,1105,91
1785,68,97,2
1786,4082,1906,382
1787,2898,1339,200
1788,6350,1041,169
1789,4733,1469,213
1790,6031,2369,224
1791,8479,2832,337
1792,3897,3710,104
1793,5668,1589,243
1794,2942,1541,247
1795,8247,1103,435
1796,3393,1746,1208
1797,9576,4448,505
1798,4088,1559,414
1799,7467,2066,415
1800,3268,1575,204
1801,6491,1933,158
1802,964,573,184
1803,2012,921,222
1804,0,135,0
1805,8076,1638,517
1806,5373,726,415
1807,66,831,30
1808,5524,559,440
1809,66,2777,4
1810,5881,879,296
1811,771,4401,32
1812,4357,1346,236
1813,832,204,155
1814,56,497,100
1815,3393,4477,192
1816,1540,409,2813
1817,4715,4450,4677
1818,325,793,30
1819,7283,2097,2572
1820,948,944,85
1821,6793,3357,148
1822,1611,1205,6
1823,105,435,2
1824,8111,3698,458
1825,2981,927,247
1826,2306,1281,502
1827,4862,1760,388
1828,5170,675,519
1829,4432,1020,291
1830,6174,1353,371
1831,5707,879,263
1832,4854,1618,272
1833,6654,1435,361
1834,3070,2102,275
1835,1021,645,243
1836,81,21,101
1837,8933,5395,2415
1838,3944,4501,586
1839,902,782,127
1840,963,488,162
1841,1626,1712,185
1842,470,948,17
1843,6645,2619,311
1844,2061,1361,199
1845,45,97,2
1846,88,282,23
1847,4794,4117,294
1848,1083,989,104
1849,5526,4142,319
1850,518,1015,21
1851,6946,1858,894
1852,1297,2181,65
1853,6056,2607,941
1854,686,893,320
1855,197,344,22
1856,5125,2001,231
1857,7036,2373,394
1858,7642,6437,503
1859,4291,3640,362
1860,3955,1743,117
1861,97,192,30
1862,10020,3021,930
1863,6921,875,232
1864,3,194,0
1865,4330,1878,336
1866,8012,2040,1144
1867,7827,992,255
1868,305,153,2
1869,164,149,340
1870,996,164,77
1871,7276,2991,593
1872,5812,3160,993
1873,2410,498,605
1874,36,1522,9
1875,7970,4029,405
1876,725,329,140
1877,379,1486,2
1878,6141,2308,428
1879,10829,1665,130
1880,81,132,36
1881,286,382,97
1882,5391,3616,980
1883,4054,1876,263
1884,5407,2789,269
1885,8443,1420,324
1886,117,797,215
1887,365,105,70
1888,9713,1532,725
1889,7160,3263,844
1890,4089,741,474
1891,4505,3165,207
1892,2152,1172,173
1893,38,361,26
1894,8359,3631,873
1895,3798,1144,276
1896,14,122,7
1897,2713,3164,1459
1898,8653,3645,360
1899,1073,431,161
1900,949,216,200
1901,8890,3534,564
1902,1671,1327,111
1903,1078,608,248
1904,84,352,12
1905,6729,2206,531
1906,509,150,8
1907,10887,1846,122
1908,5373,3213,297
1909,1571,1319,252
1910,40,65,6
1911,8607,2523,531
1912,6865,699,197
1913,61,57,3
1914,251,222,171
1915,4646,1913,211
1916,9315,3239,1074
1917,4668,1074,768
1918,82,260,272
1919,800,438,2
1920,6581,2840,364
1921,6921,2509,644
1922,3436,1685,381
1923,7800,3758,391
1924,8100,2866,447
1925,1022,772,281
1926,933,309,600
1927,8648,2364,541
1928,910,239,290
1929,12025,2470,437
1930,5894,985,151
1931,22,28,8
1932,3033,1560,313
1933,6234,2261,415
1934,7734,1601,384
1935,7349,945,196
1936,747,372,341
1937,493,190,33
1938,6696,2283,514
1939,5707,3601,734
1940,2346,442,230
1941,32,118,1
1942,9238,3307,626
1943,2624,1210,230
1944,140,112,30
1945,522,1224,578
1946,177,166,101
1947,5420,1266,853
1948,3889,2000,606
1949,9939,4217,464
1950,1550,434,233
1951,927,113,375
1952,8440,2257,180
1953,1296,1203,17
1954,219,189,52
1955,10015,1325,686
1956,6517,3038,321
1957,3947,1514,144
1958,2078,308,107
1959,48,128,49
1960,6658,2762,538
1961,6210,877,167
1962,121,70,29
1963,3518,1696,519
1964,10216,3759,895
1965,2838,1394,247
1966,772,109,443
1967,423,438,0
1968,9764,2994,639
1969,5015,3518,390
1970,28,729,0
1971,442,484,96
1972,5638,2226,261
1973,3653,1868,605
1974,4467,3464,186
1975,3954,1648,118
1976,95,160,32
1977,10087,2741,863
1978,6996,806,157
1979,4167,1281,774
1980,3,221,0
1981,4256,1902,410
1982,8140,2313,1016
1983,7753,990,329
1984,166,150,338
1985,997,177,76
1986,7288,3471,581
1987,5726,3126,1079
1988,2394,463,621
1989,35,1178,10
1990,53,13,277
1991,7965,4410,410
1992,780,383,85
1993,378,1531,3
1994,6235,2205,334
1995,74,125,43
1996,321,388,62
1997,5348,3441,1023
1998,4053,1803,264
1999,5414,2643,262
2000,8473,1408,294
2001,11085,4922,191
2002,1004,587,0
2003,116,1296,216
2004,390,138,45
2005,9788,1697,650
2006,7243,3409,761
2007,2161,1091,164
2008,36,373,28
2009,8302,3165,930
2010,3798,1082,276
2011,11,138,10
2012,2710,2977,1462
2013,6603,2777,467
2014,8599,3569,414
2015,1088,484,146
2016,940,195,209
2017,8875,3346,579
2018,1108,615,218
2019,78,284,18
2020,6676,2040,584
2021,509,159,8
2022,10842,1577,167
2023,5410,3055,260
2024,6189,2507,503
2025,1708,1505,115
2026,37,51,9
2027,8609,2611,529
2028,6832,822,230
2029,301,193,121
2030,4667,1710,190
2031,9257,3377,1132
2032,4640,1095,796
2033,83,261,271
2034,800,498,2
2035,3188,1627,307
2036,6516,2754,429
2037,6902,2383,663
2038,3418,1686,399
2039,7744,3469,447
2040,995,665,308
2041,949,308,584
2042,8709,2912,480
2043,991,241,209
2044,9590,4067,322
2045,853,419,0
2046,8345,3280,409
2047,11762,8429,157
2048,17695,3764,222
2049,8499,2513,298
2050,183,1331,195
2051,10369,7224,630
2052,8466,4198,133
2053,0,0,2
2054,8432,4363,91
2055,3949,244,137
2056,11581,4538,695
2057,943,748,302
2058,4029,1370,357
2059,11010,5151,210
2060,8333,1869,314
2061,13248,3613,861
2062,8893,3057,204
2063,0,60,0
2064,5544,7408,285
2065,15585,2082,371
2066,17741,3168,361
2067,0,0,0
2068,818,313,487
2069,3874,2123,102
2070,8383,1806,1052
2071,4305,1528,290
2072,8938,2194,714
2073,164,42,1338
2074,3787,299,16
2075,9478,3472,404
2076,4844,1262,236
2077,10623,4921,445
2078,12554,5687,896
2079,8683,3552,328
2080,17869,3913,317
2081,0,0,0
2082,4306,2767,139
2083,9396,5445,680
2084,9201,3887,416
2085,2143,260,62
2086,14953,2262,1573
2087,2463,768,15
2088,10573,3597,686
2089,14364,4383,457
2090,877,425,192
2091,8069,2721,380
2092,41,116,970
2093,3848,219,393
2094,10365,2600,718
2095,4464,1566,215
2096,10477,4131,817
2097,9949,1448,316
2098,850,726,1
2099,0,76,0
2100,3998,887,563
2101,753,1027,938
2102,7893,3162,148
2103,850,1260,148
2104,10976,4271,786
2105,1029,372,451
2106,12889,899,1183
2107,9108,1392,365
2108,13046,3978,347
2109,8871,2247,346
2110,364,610,593
2111,4499,395,285
2112,8180,2115,196
2113,4117,365,44
2114,0,39,0
2115,4786,1977,195
2116,8730,4892,105
2117,10182,955,371
2118,1824,526,1
2119,15398,2412,1298
2120,14146,5079,174
2121,0,0,0
2122,14312,4713,554
2123,0,64,0
2124,16913,628,1408
2125,3951,785,576
2126,11155,5690,665
2127,9342,2048,245
2128,13718,4801,611
2129,8354,2542,234
2130,9588,3542,324
2131,853,599,0
2132,11787,8987,132
2133,17762,3632,155
2134,8461,2045,336
2135,1943,2950,0
2136,130,955,248
2137,10121,3978,878
2138,8397,3366,202
2139,0,0,2
2140,8326,4069,197
2141,3988,396,98
2142,11798,5162,478
2143,4085,1710,301
2144,10992,3849,228
2145,8316,1847,331
2146,18786,527,839
2147,13279,3595,830
2148,8910,3239,187
2149,0,177,0
2150,5644,9393,185
2151,15653,2711,303
2152,17634,3071,468
2153,0,0,0
2154,3908,1954,68
2155,8394,2191,1041
2156,4390,1563,205
2157,9703,1192,3772
2158,9039,2480,613
2159,306,13,1196
2160,3794,479,9
2161,9269,2504,613
2162,4716,1025,364
2163,10262,3801,806
2164,12433,5345,1017
2165,17813,3482,373
2166,0,1,0
2167,4255,3709,190
2168,9261,1876,760
2169,9466,6323,610
2170,9181,4424,436
2171,2139,269,66
2172,14865,2231,1661
2173,2428,662,50
2174,10245,3598,1014
2175,14300,4538,521
2176,7977,2079,472
2177,108,82,903
2178,3598,178,643
2179,4045,1816,706
2180,10442,3383,641
2181,4462,1904,217
2182,2904,833,132
2183,8637,3949,731
2184,17564,1597,777
2185,7325,805,1037
2186,11477,1305,2180
2187,10737,2452,459
2188,13486,3253,963
2189,2837,366,6
2190,7136,1315,396
2191,5554,2278,333
2192,6240,2819,184
2193,11420,174,1522
2194,7684,257,469
2195,4158,1139,179
2196,6186,3641,233
2197,19520,2222,179
2198,5586,605,1453
2199,7624,3901,472
2200,9107,2404,459
2201,4763,1649,335
2202,16442,3107,1166
2203,4023,305,20
2204,5127,2296,628
2205,5212,2162,92
2206,12621,466,941
2207,6523,324,413
2208,3706,872,352
2209,8839,3474,542
2210,17653,2266,521
2211,7036,1015,953
2212,13415,6452,455
2213,10270,1952,1187
2214,10794,1918,760
2215,14980,4436,645
2216,3004,269,10
2217,5345,1881,207
2218,5640,2996,156
2219,12217,405,587
2220,7324,378,751
2221,4234,1032,128
2222,7141,3817,461
2223,18378,2676,219
2224,13358,3231,916
2225,406,1093,432
2226,18837,2103,152
2227,5143,641,698
2228,4897,7213,447
2229,9193,1957,223
2230,17458,2684,441
2231,3621,329,7
2232,5157,2228,1244
2233,6604,1575,506
2234,13130,677,551
2235,6270,481,721
2236,20,39,0
2237,3237,836,98
2238,9049,4889,496
2239,18688,1330,886
2240,6143,989,562
2241,9956,2203,483
2242,12222,1373,361
2243,15214,3030,897
2244,3283,229,28
2245,4543,1638,1025
2246,5222,1669,410
2247,6470,3342,338
2248,12237,383,315
2249,7778,448,694
2250,4045,1599,193
2251,6620,3599,169
2252,19797,1956,439
2253,4768,599,650
2254,7287,3487,1025
2255,12042,2466,623
2256,16577,3721,452
2257,2345,221,10
2258,130,26,9
2259,5779,1214,1418
2260,7703,2106,356
2261,11870,293,372
2262,6676,778,117
2263,3892,833,137
2264,7796,7759,260
2265,19748,2302,504
2266,5921,998,469
2267,7754,4850,138
2268,12358,1854,325
2269,5509,2073,178
2270,15937,3359,321
2271,3469,268,29
2272,5089,2002,639
2273,5299,1283,263
2274,13023,216,384
2275,7971,278,689
2276,4550,1026,308
2277,6136,2823,257
2278,20119,1466,363
2279,6858,983,570
2280,149,65,7
2281,10665,2206,1335
2282,10441,3155,770
2283,13939,5110,430
2284,2497,280,38
2285,5350,2236,667
2286,7591,2014,386
2287,11755,420,430
2288,7580,350,213
2289,4499,947,188
2290,6806,6652,162
2291,9201,1550,1473
2292,20219,2087,343
2293,5057,721,1134
2294,7732,3148,577
2295,11276,1767,391
2296,16129,3601,375
2297,3701,382,14
2298,2425,6003,393
2299,5027,2123,204
2300,14442,422,508
2301,6602,489,638
2302,14798,4276,1402
2303,2932,1133,104
2304,8680,4443,688
2305,17825,1620,516
2306,7173,1264,1189
2307,12012,1502,1645
2308,10571,2112,625
2309,13262,2945,1187
2310,2838,315,5
2311,5525,2281,362
2312,6240,2949,184
2313,6,68,12
2314,11866,209,1076
2315,7854,322,299
2316,4206,1317,131
2317,6219,3535,200
2318,19544,2194,155
2319,5486,444,1553
2320,7432,3943,664
2321,9079,2144,487
2322,16532,2974,1076
2323,4026,314,17
2324,9170,1642,3484
2325,5491,2403,264
2326,5194,2113,110
2327,12760,506,802
2328,6440,264,496
2329,3662,1134,396
2330,8854,4510,527
2331,17742,2585,432
2332,7346,1207,643
2333,10758,3776,699
2334,11028,2261,526
2335,8513,2967,207
2336,10182,1973,2877
2337,14791,4475,834
2338,2994,222,20
2339,5188,1702,364
2340,5612,2937,184
2341,12481,563,323
2342,7558,400,517
2343,4245,1136,117
2344,7178,3420,424
2345,18814,1863,175
2346,5079,574,762
2347,5608,1187,1012
2348,4752,7067,592
2349,9135,1823,281
2350,17468,2755,431
2351,3624,299,4
2352,5030,2365,1371
2353,6646,1453,464
2354,13063,569,618
2355,6346,425,645
2356,3226,936,109
2357,9049,5500,496
2358,11271,3921,1671
2359,18531,1878,1043
2360,6162,838,543
2361,10071,2495,368
2362,12295,1622,288
2363,15420,3637,691
2364,3295,259,16
2365,4919,1837,649
2366,5201,1707,431
2367,12086,346,466
2368,7672,401,800
2369,62,0,1195
2370,3993,1600,245
2371,6637,3748,152
2372,19818,1931,418
2373,4775,549,643
2374,7344,3588,968
2375,11350,7268,238
2376,857,918,346
2377,104,59,24
2378,10368,516,1719
2379,4964,311,514
2380,8631,9402,609
2381,0,937,0
2382,5073,371,58
2383,12715,6255,539
2384,2678,3403,129
2385,8691,3831,1259
2386,4952,860,525
2387,10476,1237,2924
2388,6742,1472,1309
2389,11576,3999,1596
2390,75,9,1570
2391,213,18,24
2392,5811,7988,239
2393,8380,2153,1723
2394,41,67,0
2395,9063,1279,764
2396,5325,290,256
2397,18199,884,3654
2398,10865,2272,525
2399,38,16,0
2400,11268,1865,2423
2401,51,271,32
2402,8570,3179,260
2403,15306,1953,401
2404,9292,1477,2014
2405,22,0,1465
2406,12787,4739,1742
2407,130,55,1527
2408,280,8,32
2409,9003,1243,322
2410,3405,1175,117
2411,18916,644,5066
2412,1338,4097,48
2413,19718,2010,1211
2414,18506,2442,374
2415,10646,1570,824
2416,7266,1278,503
2417,4745,2837,234
2418,7799,1314,814
2419,6405,1144,838
2420,7071,1945,72
2421,5086,1200,332
2422,11043,5561,389
2423,9426,676,1417
2424,576,15,55
2425,0,0,0
2426,9960,1007,1174
2427,3654,2233,6
2428,19632,1052,1002
2429,9516,2691,505
2430,9,9,0
2431,9647,2321,317
2432,7730,1504,425
2433,5563,768,607
2434,10855,5454,234
2435,220,928,380
2436,3888,1759,125
2437,17624,3341,1349
2438,184,638,71
2439,10172,8036,419
2440,1116,2361,575
2441,4149,601,12
2442,17283,873,1038
2443,1943,4034,0
2444,19066,869,559
2445,9797,1268,3678
2446,9183,1573,838
2447,8244,2004,849
2448,3616,1500,1135
2449,7119,1247,413
2450,4737,1546,361
2451,12597,2629,1273
2452,429,1040,409
2453,20,43,0
2454,6620,4288,188
2455,133,29,6
2456,5557,2946,130
2457,149,361,7
2458,730,130,765
2459,9033,1076,1641
2460,14292,3838,1908
2461,5,70,13
2462,9493,2418,3161
2463,10113,1943,2946
2464,5519,1071,1101
2465,10987,3426,1955
2466,5,0,1252
2467,11075,4636,513
2468,871,929,332
2469,8417,1968,260
2470,13012,1482,578
2471,102,49,26
2472,10348,504,1739
2473,4851,301,627
2474,8877,10306,363
2475,5059,332,72
2476,12494,5648,760
2477,2682,3392,125
2478,8702,4228,1248
2479,4965,1171,512
2480,10585,1446,2815
2481,9298,1649,229
2482,6988,2033,1063
2483,11639,4350,1533
2484,109,42,1536
2485,172,6,65
2486,8228,2002,1875
2487,41,67,0
2488,8939,1118,888
2489,5236,203,345
2490,18195,932,3658
2491,10894,2391,496
2492,13455,4149,409
2493,38,23,0
2494,11434,2059,2257
2495,51,276,32
2496,8607,3685,223
2497,5187,258,1201
2498,2605,1889,885
2499,153,18,7
2500,10705,926,778
2501,1122,184,376
2502,355,5,612
2503,8300,2473,287
2504,3722,594,3827
2505,7077,919,640
2506,8525,4397,263
2507,17436,4213,1286
2508,17614,2471,1189
2509,3046,140,229
2510,7619,1421,972
2511,8006,1959,624
2512,14664,489,1515
2513,6498,157,793
2514,473,1926,522
2515,2417,769,268
2516,8001,4842,1171
2517,15547,1507,1238
2518,7396,351,994
2519,5979,2540,5905
2520,9011,2787,344
2521,216,112,7
2522,4759,672,143
2523,3389,1721,693
2524,0,0,7
2525,4357,268,145
2526,8478,711,1558
2527,234,433,513
2528,5782,4508,352
2529,11127,9392,622
2530,13055,781,1703
2531,7321,256,1059
2532,3244,1295,160
2533,8078,3360,1363
2534,15107,1009,1019
2535,6845,336,650
2536,0,0,0
2537,10369,2607,1069
2538,14217,1850,1106
2539,17348,3829,1671
2540,2767,244,12
2541,5177,3508,2012
2542,8305,5812,670
2543,509,126,486
2544,2481,204,2878
2545,5992,801,3877
2546,55,8,58
2547,4008,1912,110
2548,3959,166,1824
2549,1038,1144,1432
2550,3485,3151,127
2551,9528,8321,1545
2552,17177,1457,553
2553,7003,123,1348
2554,10288,1807,1573
2555,15936,1575,1059
2556,15999,2224,1524
2557,2134,381,5
2558,8457,2988,90
2559,5968,3294,1265
2560,7532,1522,625
2561,14403,673,936
2562,6987,262,650
2563,2602,930,34
2564,7442,4108,1023
2565,15192,2967,2217
2566,315,0,1464
2567,4844,687,4746
2568,1047,117,2680
2569,9594,1173,317
2570,2711,566,987
2571,6701,1133,2383
2572,36,0,85
2573,16590,7715,1456
2574,18396,2372,924
2575,3121,48,132
2576,8233,2284,964
2577,10929,2745,1158
2578,15671,523,2653
2579,6069,372,848
2580,254,2559,90
2581,1536,429,0
2582,2586,1392,364
2583,7676,4268,1575
2584,15323,1417,435
2585,7047,529,536
2586,9559,6897,918
2587,14060,2365,959
2588,15213,4531,2532
2589,3361,125,51
2590,7878,520,5262
2591,1054,664,286
2592,15972,2430,1198
2593,1798,908,72
2594,8010,2229,706
2595,1917,745,297
2596,3622,1853,431
2597,12750,384,666
2598,7218,139,909
2599,4099,792,278
2600,9357,4304,1593
2601,17073,1578,797
2602,6897,375,1077
2603,15037,5308,137
2604,10543,1829,1321
2605,15365,2170,1599
2606,19438,2831,1253
2607,2514,147,21
2608,4721,4485,1445
2609,7949,3182,714
2610,13255,729,135
2611,7653,257,524
2612,1238,2,5150
2613,2628,1944,862
2614,0,0,0
2615,153,21,7
2616,10766,1027,717
2617,1100,212,398
2618,928,899,39
2619,2942,632,4607
2620,6579,677,1138
2621,8341,5010,447
2622,17369,3085,1353
2623,17371,3302,1432
2624,3021,108,254
2625,4419,2155,90
2626,7809,1692,782
2627,7979,1958,651
2628,15012,618,1167
2629,6436,161,855
2630,2483,835,202
2631,8042,3922,1130
2632,15432,1340,1353
2633,7305,334,1085
2634,10728,2056,1156
2635,9115,4259,240
2636,8926,2549,751
2637,223,206,0
2638,4818,1049,84
2639,3626,2226,456
2640,7,19,0
2641,7571,478,2465
2642,127,206,620
2643,5863,5572,271
2644,11141,8602,608
2645,13974,1350,784
2646,7202,184,1178
2647,131,29,1156
2648,3254,1459,150
2649,8082,3845,1359
2650,15293,1151,833
2651,6731,250,764
2652,10329,2481,1109
2653,14168,1648,1155
2654,17336,3552,1683
2655,2763,281,16
2656,6419,2039,770
2657,8339,12041,636
2658,3699,372,16
2659,772,554,223
2660,4140,390,1219
2661,7945,2024,1924
2662,86,30,27
2663,3076,84,2707
2664,435,887,2035
2665,3462,1643,150
2666,9701,7062,1372
2667,17324,3518,406
2668,7256,177,1095
2669,10001,3191,293
2670,10961,2685,900
2671,16125,1968,870
2672,16238,2552,1285
2673,2136,380,3
2674,5847,3210,1386
2675,7485,1586,672
2676,14729,707,610
2677,7090,226,547
2678,2475,760,161
2679,7249,3736,1216
2680,4643,2038,247
2681,16194,2363,1215
2682,182,352,344
2683,18348,982,8261
2684,467,744,85
2685,13135,4858,524
2686,153,605,177
2687,11808,6359,429
2688,10985,2754,604
2689,3784,1279,109
2690,136,43,9
2691,9651,5235,650
2692,10824,4445,344
2693,4886,1606,46
2694,12487,2457,1943
2695,41,0,18
2696,11384,2207,1373
2697,21,5,8
2698,9971,2103,3875
2699,2,66,0
2700,12571,2612,1860
2701,132,21,8
2702,7729,1160,2090
2703,12849,6046,708
2704,81,19,25
2705,6590,2565,161
2706,41,6,8
2707,6692,1501,888
2708,3211,1851,177
2709,90,54,39
2710,10677,2147,461
2711,188,405,8
2712,10219,2292,1275
2713,14,29,13
2714,18143,3233,316
2715,5196,1043,651
2716,44,109,0
2717,4776,514,1622
2718,219,278,0
2719,4184,1546,240
2720,210,90,60
2721,2503,1971,136
2722,16315,874,2613
2723,4098,2262,54
2724,16744,1029,2382
2725,0,0,0
2726,6046,409,38
2727,14064,1751,1032
2728,10912,2042,559
2729,320,22,28
2730,2057,936,110
2731,13602,1924,642
2732,2400,1049,547
2733,628,149,17
2734,10210,1478,3510
2735,902,189,20
2736,4400,2259,94
2737,9300,2575,469
2738,981,44,69
2739,8825,2095,746
2740,515,341,13
2741,8568,1725,1431
2742,232,97,12
2743,10123,3289,506
2744,356,26,13
2745,9925,4040,169
2746,22,2,32
2747,9269,6604,436
2748,6351,1170,397
2749,13783,1851,302
2750,7215,1041,390
2751,3377,2319,2845
2752,0,0,5
2753,14004,2107,2692
2754,1760,703,291
2755,14082,1395,305
2756,1760,580,860
2757,14949,1787,597
2758,9286,4581,189
2759,2392,460,1139
2760,14153,2065,1059
2761,2189,47,1042
2762,6906,1568,281
2763,6761,825,4577
2764,6757,1308,401
2765,5451,1689,112
2766,7725,1440,490
2767,5784,2325,142
2768,4754,2720,327
2769,2504,257,91
2770,14519,1195,1183
2771,0,0,5
2772,7803,1408,167
2773,4041,4300,617
2774,7147,1427,40
2775,5153,4180,722
2776,6084,865,163
2777,7382,2838,1313
2778,5953,1078,462
2779,4828,2609,616
2780,15691,1862,960
2781,223,354,303
2782,17054,664,9555
2783,428,468,124
2784,12635,3661,1024
2785,60,212,270
2786,11620,5033,617
2787,11080,3178,509
2788,3814,1486,79
2789,140,49,5
2790,4865,1863,67
2791,14356,3613,477
2792,12507,2305,1923
2793,50,5,9
2794,11426,3108,1331
2795,23,5,6
2796,10436,2545,3410
2797,2,34,0
2798,12393,2096,2038
2799,136,24,4
2800,7472,967,2347
2801,77,17,29
2802,8432,4140,147
2803,0,0,0
2804,6709,3053,42
2805,38,0,11
2806,6488,1241,1092
2807,3280,1862,108
2808,82,41,47
2809,10636,2371,502
2810,193,418,3
2811,10284,2841,1210
2812,14,27,13
2813,5149,1024,698
2814,4078,776,382
2815,43,53,1
2816,4685,421,1713
2817,198,127,21
2818,4287,1694,137
2819,164,44,106
2820,2498,2028,141
2821,16511,942,2417
2822,4083,2237,69
2823,16896,1117,2230
2824,6057,437,27
2825,11056,5660,624
2826,14188,1908,908
2827,10970,2202,501
2828,312,8,36
2829,2075,1172,92
2830,13620,2201,624
2831,2244,724,703
2832,627,151,18
2833,10280,1646,3440
2834,901,178,21
2835,9339,2840,430
2836,8861,1274,250
2837,983,53,67
2838,8871,2037,700
2839,521,371,7
2840,8524,1630,1475
2841,5063,3203,142
2842,4168,1870,537
2843,12964,2325,253
2844,4598,1325,64
2845,1615,432,228
2846,8440,1970,440
2847,13772,3581,462
2848,7537,2283,124
2849,2929,253,29
2850,522,1600,180
2851,5448,1880,1659
2852,3972,199,165
2853,5141,798,96
2854,1934,394,336
2855,1863,1983,486
2856,12864,1425,361
2857,8383,1069,1626
2858,7860,2640,177
2859,3230,1099,2094
2860,2079,635,641
2861,4093,947,242
2862,9607,932,625
2863,7223,1673,1007
2864,2463,194,301
2865,1070,3022,75
2866,3515,2353,192
2867,9430,834,856
2868,5610,374,123
2869,9531,3833,416
2870,3843,4638,89
2871,4473,3011,275
2872,9838,1572,250
2873,3650,1607,178
2874,3032,1063,213
2875,10286,1287,514
2876,9005,1375,222
2877,1978,189,32
2878,2284,5690,1287
2879,2682,2572,322
2880,743,653,0
2881,1575,618,1126
2882,4854,354,1109
2883,7983,1667,402
2884,2292,1655,421
2885,5590,1483,351
2886,6257,1404,413
2887,4253,358,809
2888,4580,1482,40
2889,1639,1575,48
2890,8858,2445,454
2891,12196,8349,117
2892,8267,2215,139
2893,2325,81,20
2894,312,2090,485
2895,5375,2580,171
2896,5418,560,64
2897,7271,795,249
2898,1670,1102,38
2899,2673,1765,827
2900,12034,1679,172
2901,3981,410,119
2902,18403,2662,194
2903,2923,1961,2937
2904,10517,1318,626
2905,3772,675,1521
2906,5719,1338,673
2907,6760,2701,940
2908,1703,376,204
2909,8628,1752,898
2910,733,477,226
2911,9445,1080,436
2912,5302,370,194
2913,2523,709,14
2914,8454,2162,223
2915,5851,2556,151
2916,4554,2661,541
2917,10599,2155,144
2918,4400,1713,79
2919,1338,884,208
2920,7091,2021,432
2921,6647,2703,135
2922,3479,369,26
2923,1191,1676,1223
2924,3401,1987,419
2925,232,1332,112
2926,4995,849,301
2927,6703,711,185
2928,4659,1335,658
2929,8723,1857,1270
2930,2024,932,264
2931,8713,1182,611
2932,3831,1308,942
2933,3856,5574,548
2934,3514,1136,293
2935,10218,2125,504
2936,9550,4386,751
2937,10708,2055,329
2938,1627,131,10
2939,204,2702,151
2940,5277,1635,679
2941,8596,589,161
2942,6338,577,81
2943,2647,1362,349
2944,3243,2554,415
2945,9278,1768,294
2946,3044,1409,117
2947,8426,3273,153
2948,2086,3058,186
2949,8096,2464,497
2950,5423,1608,304
2951,3063,181,4
2952,8869,1726,1346
2953,4486,1448,847
2954,9269,1745,626
2955,1981,1025,186
2956,1995,512,339
2957,4097,1169,940
2958,2502,663,35
2959,5078,3090,127
2960,4100,1654,605
2961,12911,2248,306
2962,4573,1043,89
2963,1628,575,215
2964,8453,2130,427
2965,7512,2600,149
2966,2927,284,31
2967,551,2066,151
2968,5575,1772,1532
2969,11146,4224,816
2970,4046,264,91
2971,5155,948,82
2972,2020,546,250
2973,1908,2182,441
2974,13091,2213,134
2975,8329,1047,1680
2976,3192,816,2132
2977,2094,700,626
2978,4082,887,253
2979,9543,728,689
2980,14190,3790,475
2981,7189,1233,1041
2982,2431,140,333
2983,1057,2578,88
2984,3526,2345,181
2985,10051,522,235
2986,5619,365,114
2987,3813,4319,119
2988,4462,3236,286
2989,9692,1331,396
2990,3706,1549,122
2991,8544,2635,339
2992,3085,1343,160
2993,10455,1544,345
2994,8998,1408,229
2995,1982,201,28
2996,1526,2175,2045
2997,2638,1863,366
2998,1370,604,1331
2999,4749,310,1214
3000,7913,1358,472
3001,2391,1642,322
3002,182,311,715
3003,5619,1555,322
3004,6270,1514,400
3005,4245,370,817
3006,4586,1574,34
3007,1646,1625,41
3008,8929,2668,383
3009,8263,2328,143
3010,2317,76,28
3011,373,2420,424
3012,5259,2187,287
3013,4046,325,277
3014,5412,533,70
3015,7304,916,216
3016,1675,1110,33
3017,2665,1840,835
3018,12063,1938,143
3019,3970,391,130
3020,3085,2268,2775
3021,10455,1188,688
3022,3738,774,1555
3023,5938,1947,454
3024,11106,4120,856
3025,10159,3081,662
3026,6869,2825,831
3027,1750,425,157
3028,8723,2028,803
3029,754,495,205
3030,114,37,1464
3031,4165,234,170
3032,17109,711,1459
3033,2268,3477,2
3034,19487,622,1312
3035,9876,1178,3482
3036,4379,1572,196
3037,9409,1897,716
3038,3577,1792,1231
3039,11749,4073,848
3040,29,0,1406
3041,89,23,35
3042,9447,571,1889
3043,4493,319,871
3044,8511,8838,665
3045,5171,580,25
3046,11868,5114,1405
3047,10473,4241,1107
3048,2576,3508,105
3049,8530,4727,1233
3050,4421,1001,591
3051,10440,1303,2880
3052,7311,2411,1235
3053,11751,5853,1498
3054,62,33,1607
3055,186,19,43
3056,8168,1684,1647
3057,1401,4027,5
3058,9162,1048,266
3059,18012,960,2120
3060,10622,1547,719
3061,7394,1700,604
3062,4817,1903,295
3063,7765,1608,989
3064,5642,970,1485
3065,7112,1591,217
3066,4350,1047,535
3067,11160,4325,516
3068,9698,906,1086
3069,950,589,1
3070,734,13,50
3071,9607,990,1212
3072,3847,2158,41
3073,19410,1244,742
3074,9778,2064,559
3075,7074,1576,331
3076,5109,1476,448
3077,13044,2471,1361
3078,12,0,768
3079,8,12,0
3080,0,10,0
3081,6743,3585,352
3082,129,19,11
3083,4981,3920,114
3084,101,240,2
3085,8631,1734,1765
3086,14650,4481,2132
3087,0,39,11
3088,8865,2508,3578
3089,10242,3101,2790
3090,5882,2347,495
3091,4493,1173,391
3092,11711,5969,1243
3093,174,180,1229
3094,102,67,11
3095,8487,1162,1120
3096,5585,274,157
3097,19380,1162,2670
3098,11010,2243,673
3099,62,84,0
3100,10926,2129,2602
3101,66,200,22
3102,8046,3206,99
3103,8958,3155,258
3104,9959,1387,2234
3105,51,0,1419
3106,12605,2677,2735
3107,367,1224,1333
3108,430,83,18
3109,9319,1797,224
3110,2828,1984,286
3111,19018,463,5360
3112,9310,2354,276
3113,443,586,581
3114,8231,1323,501
3115,5877,649,608
3116,10614,4724,391
3117,6,74,473
3118,18281,4127,1586
3119,31,1,149
3120,10302,9484,363
3121,1028,1052,550
3122,4263,308,72
3123,17033,785,1535
3124,10397,3803,589
3125,2268,3916,2
3126,19584,689,1215
3127,9903,1181,3455
3128,9368,1749,757
3129,4380,2909,428
3130,11962,6077,635
3131,794,639,641
3132,86,21,38
3133,9492,549,1844
3134,4712,275,652
