# Stats for class 1
0,39748,121,4113
1,56690,12,824
2,29635,297,3354
3,41786,140,3432
4,37307,600,7838
5,53310,10,510
6,36043,1078,5557
7,52942,68,3668
8,42459,1200,4495
9,50276,502,1244
10,38273,2768,1036
11,46728,1740,740
12,32871,1662,3738
13,56931,671,241
14,55074,68,330
15,58478,51,829
16,43896,1518,1637
17,54124,3,3840
18,33717,2683,799
19,35817,615,1336
20,44758,498,1547
21,48318,217,2257
22,43406,773,1256
23,46407,729,1365
24,43951,62,1960
25,40367,339,4595
26,48555,109,2035
27,33807,243,6194
28,42541,1249,387
29,58330,105,422
30,42650,1120,838
31,54241,4,1066
32,34067,714,974
33,36707,545,1930
34,44401,183,1778
35,47307,169,1798
36,50795,351,1117
37,29852,484,4552
38,56664,153,1092
39,59133,0,395
40,45547,419,2804
41,58532,10,864
42,46453,48,4107
43,58080,2,1353
44,49203,77,1267
45,48009,15,1764
46,50741,83,1859
47,36355,31,4767
48,41831,219,1787
49,56998,21,361
50,55083,64,566
51,53801,21,348
52,44975,129,2289
53,46441,329,2229
54,48493,120,1852
55,58246,23,285
56,49386,100,2031
57,46128,52,3390
58,42762,132,1775
59,41431,46,3447
60,55530,18,413
61,37386,154,3662
62,55616,2,1052
63,59109,10,96
64,46354,66,2093
65,43479,910,978
66,44787,109,1911
67,44036,85,1169
68,45743,387,927
69,30412,401,3200
70,56088,75,442
71,48655,32,1530
72,48869,484,2036
73,59212,55,97
74,48401,114,1768
75,46833,462,954
76,42075,56,1682
77,55288,32,192
78,39065,196,3442
79,58709,1,131
80,39460,68,3467
81,57040,53,213
82,51294,61,877
83,45073,88,4018
84,46202,17,3991
85,52002,173,851
86,36353,138,4176
87,54606,25,675
88,36246,91,4338
89,52836,47,1014
90,54201,45,446
91,57429,0,1383
92,50068,59,1586
93,48724,211,1392
94,40393,399,2203
95,56532,59,156
96,40733,234,1762
97,47122,33,10123
98,55846,176,128
99,52881,48,283
100,45796,86,2905
101,50665,4,2587
102,36506,43,8913
103,50451,367,578
104,58162,47,282
105,46371,131,1789
106,47015,129,1549
107,48875,95,1246
108,53170,28,862
109,44317,26,4661
110,51759,215,736
111,44036,100,2388
112,53661,250,348
113,41515,164,2531
114,37874,81,3351
115,55746,0,1290
116,52539,26,3281
117,45188,342,1557
118,53835,95,389
119,46925,126,2110
120,48319,21,3452
121,49981,214,741
122,58595,108,105
123,49828,218,1065
124,47612,100,2102
125,25962,162,1949
126,41320,57,2108
127,55024,34,207
128,36673,150,3380
129,58713,0,266
130,57311,17,1030
131,49772,139,1187
132,43817,41,5463
133,48441,136,660
134,54898,1,660
135,48154,210,1031
136,59253,41,14
137,57245,0,499
138,44288,79,3731
139,55863,2,1050
140,53983,50,247
141,49211,60,1879
142,46619,109,3275
143,40802,81,1827
144,56023,39,157
145,39550,418,1997
146,58776,4,113
147,49288,11,2979
148,55582,77,154
149,51436,50,576
150,45340,63,3872
151,52080,18,2269
152,50725,334,1817
153,58426,27,398
154,46846,114,2424
155,44791,85,3168
156,49775,26,1187
157,43157,81,4069
158,42310,734,1798
159,49822,28,1415
160,48818,37,1652
161,47994,16,1779
162,50842,103,1758
163,41921,232,1697
164,56996,20,363
165,55139,68,510
166,53834,26,315
167,45652,169,1612
168,46475,479,2195
169,57248,337,180
170,48932,197,1413
171,58231,21,300
172,49364,85,2053
173,46393,56,3125
174,41629,50,3249
175,55493,15,450
176,37012,127,4036
177,55732,4,936
178,59122,12,83
179,46720,91,1727
180,37326,608,1141
181,43633,1000,824
182,45024,97,1674
183,44181,125,1024
184,45752,387,918
185,56152,83,378
186,48778,37,1407
187,48741,516,2164
188,59189,40,120
189,48079,97,2090
190,46788,496,999
191,42617,209,1094
192,42019,56,1738
193,55258,11,222
194,38719,145,3788
195,58706,0,134
196,56953,26,300
197,51209,53,962
198,44392,54,4699
199,46288,30,3905
200,51975,176,878
201,36429,131,4100
202,29759,168,3649
203,54625,20,656
204,37429,148,3155
205,52983,60,867
206,54177,37,470
207,50144,64,1510
208,48703,184,1413
209,40154,472,2442
210,56552,51,136
211,40550,169,1945
212,44957,12,12288
213,42155,192,2112
214,55833,150,141
215,52776,28,388
216,45810,100,2891
217,50746,3,2506
218,50487,534,542
219,58134,37,310
220,46587,163,1573
221,46757,120,1807
222,48857,75,1264
223,53096,29,936
224,57778,344,226
225,56287,29,1551
226,44246,21,4732
227,51464,167,1031
228,43773,98,2651
229,53612,209,397
230,49711,125,1068
231,48188,22,1409
232,49984,90,2047
233,41775,279,1803
234,57020,22,385
235,54918,94,699
236,54695,81,339
237,53285,34,371
238,45141,136,2639
239,46004,419,2682
240,48403,249,1406
241,58004,26,370
242,49698,163,1570
243,46552,49,2843
244,41849,53,3029
245,55818,18,497
246,37276,260,3254
247,46087,53,2991
248,55428,4,1017
249,59062,10,82
250,46291,105,1774
251,42801,1019,974
252,44316,149,2253
253,44863,157,1107
254,45589,410,854
255,56104,113,358
256,48294,40,1451
257,48990,660,2055
258,51069,34,1010
259,59309,52,85
260,48525,190,1472
261,46224,504,883
262,42117,80,1650
263,54680,43,201
264,39893,268,3062
265,58614,5,235
266,56885,24,208
267,51509,100,962
268,44544,98,4069
269,58032,1,363
270,46362,43,3410
271,52151,256,770
272,35814,154,3799
273,54514,32,577
274,36131,135,4895
275,52291,49,968
276,53548,90,612
277,49566,95,1628
278,48226,255,1532
279,40595,518,2227
280,39980,89,3613
281,56360,53,99
282,40423,406,1546
283,48306,32,9335
284,55928,197,133
285,52176,54,358
286,45825,108,2806
287,50168,17,2815
288,50544,301,638
289,58245,37,232
290,46661,203,1406
291,48957,71,878
292,47839,229,887
293,48987,120,1234
294,52813,35,857
295,44669,43,3901
296,52199,334,631
297,43194,95,2201
298,53204,188,737
299,55114,0,1709
300,52113,35,3146
301,45422,369,1305
302,59330,45,89
303,53665,94,379
304,46838,170,2993
305,48930,17,3074
306,50279,402,401
307,58507,148,133
308,49711,274,1009
309,46530,96,2511
310,41526,49,1972
311,55315,33,230
312,36409,231,2911
313,49933,10,2075
314,58317,0,416
315,57293,24,921
316,49315,102,1242
317,44737,96,4559
318,47878,160,702
319,55259,2,615
320,48119,242,873
321,57109,0,583
322,43616,128,3874
323,55729,2,823
324,42863,589,2083
325,53946,89,220
326,49293,90,1664
327,46112,174,2888
328,40753,110,2147
329,55548,46,153
330,39566,492,1888
331,58855,6,102
332,55507,44,148
333,51434,46,860
334,45323,98,3793
335,54813,493,400
336,48800,196,979
337,51337,23,2292
338,50375,301,1924
339,58555,50,368
340,46016,175,2315
341,44121,132,3192
342,50078,21,1072
343,43000,345,3976
344,49925,41,1342
345,49378,104,1401
346,48185,21,1412
347,57230,284,205
348,50152,115,1879
349,41902,302,1676
350,57040,27,365
351,54998,111,619
352,53290,38,366
353,45768,157,2012
354,46110,503,2576
355,48590,358,1219
356,57997,20,377
357,49739,159,1529
358,58139,55,217
359,47067,63,2328
360,41993,73,2885
361,55828,23,487
362,37122,224,3408
363,55479,4,966
364,59080,14,64
365,46493,121,1572
366,42946,1078,829
367,44516,137,2053
368,44974,206,996
369,44604,104,2714
370,45618,444,825
371,56166,139,296
372,48408,42,1337
373,49043,704,2002
374,59265,40,129
375,48301,151,1696
376,46130,539,977
377,42088,69,1679
378,54664,21,217
379,39656,210,3299
380,42563,54,3241
381,58606,5,243
382,56659,35,434
383,51517,98,954
384,44158,70,4455
385,46474,49,3298
386,52165,295,756
387,36115,166,3498
388,54567,35,524
389,37784,254,3242
390,52271,58,988
391,54097,461,1046
392,53540,73,620
393,49614,89,1580
394,48191,224,1567
395,40536,561,2286
396,56381,48,78
397,40180,297,1789
398,46335,20,11306
399,55919,163,142
400,52128,23,406
401,45886,124,2745
402,57516,0,2014
403,50271,7,2712
404,50618,584,564
405,58221,37,256
406,46624,169,1443
407,47690,193,1036
408,49004,108,1217
409,52736,36,934
410,44322,36,4248
411,51981,289,849
412,43096,87,2299
413,41145,122,4024
414,53305,149,636
415,53064,77,1025
416,41926,164,3401
417,32633,440,1367
418,48316,262,500
419,45142,487,3700
420,40739,597,1699
421,30198,597,2684
422,54408,20,220
423,46270,326,3793
424,56270,10,410
425,47611,1002,959
426,40966,90,324
427,47516,85,477
428,53266,620,256
429,41220,276,2302
430,30783,221,1699
431,54629,83,280
432,45883,3982,423
433,42327,172,1345
434,38351,235,1116
435,57378,0,1657
436,58402,18,98
437,49709,14,3018
438,49181,75,1281
439,39619,746,417
440,50007,18,207
441,52955,124,647
442,41821,211,3399
443,31203,1240,1214
444,49053,681,428
445,45003,339,3412
446,42570,528,3230
447,46041,42,2535
448,42546,223,1540
449,31975,410,2615
450,53871,8,187
451,46179,425,2757
452,47910,90,2203
453,39558,1825,234
454,47821,55,486
455,50044,0,2199
456,44933,189,3244
457,38869,980,1005
458,59175,55,169
459,54068,35,487
460,50878,99,1468
461,39340,2156,1335
462,39732,60,856
463,58203,6,160
464,45221,816,2032
465,48306,183,1704
466,39899,343,417
467,49750,29,375
468,51899,76,1173
469,57162,0,754
470,37843,745,2416
471,31981,672,1107
472,50052,525,346
473,44378,888,2257
474,44359,41,2134
475,32473,143,1946
476,53607,16,145
477,47138,28,3270
478,47418,127,1813
479,47113,508,470
480,42970,12,3055
481,52257,53,90
482,50314,1,1288
483,46242,75,2057
484,40372,434,978
485,53262,52,759
486,50661,65,1540
487,41105,445,1937
488,30540,668,1912
489,55587,12,143
490,45783,276,3952
491,49934,79,1790
492,49028,134,1870
493,40240,97,526
494,48457,191,461
495,52890,47,1250
496,40569,920,1390
497,32104,168,2146
498,50034,496,402
499,42963,739,2335
500,42607,1355,2091
501,30626,158,2724
502,45670,30,2777
503,54010,12,158
504,47513,2188,1622
505,46227,230,2374
506,46521,106,717
507,52634,75,101
508,49581,361,1299
509,45741,32,2103
510,41249,204,872
511,48662,330,460
512,43678,1120,1778
513,46275,58,1460
514,42592,405,1458
515,30458,1331,3040
516,55165,1,138
517,45479,110,4581
518,46529,410,1269
519,40052,654,243
520,47723,30,606
521,53114,115,755
522,39392,50,4674
523,31513,236,2125
524,55544,297,573
525,50353,243,463
526,46044,138,3114
527,42121,363,1545
528,36749,828,1042
529,58049,3,97
530,49374,118,4127
531,48443,125,1816
532,47200,128,599
533,52207,35,256
534,52828,58,1261
535,58867,47,181
536,41447,139,3880
537,32956,758,1044
538,48488,614,328
539,45373,563,3469
540,40886,644,1552
541,30452,682,2430
542,54468,18,160
543,45456,254,4607
544,47509,1028,1061
545,40967,96,323
546,43135,470,1694
547,47546,83,447
548,53150,544,372
549,40685,172,2837
550,30623,187,1859
551,54695,97,214
552,45943,4394,363
553,42455,178,1217
554,38558,280,909
555,58385,22,115
556,49661,27,3066
557,49447,151,2516
558,41120,296,1942
559,48955,31,1507
560,39619,1048,417
561,50030,49,184
562,52942,120,660
563,41703,224,3517
564,31200,882,1217
565,49010,641,471
566,44607,199,3808
567,42100,130,1986
568,31497,192,3093
569,54185,69,1605
570,53917,13,141
571,45738,393,3198
572,47782,118,2331
573,39509,1545,283
574,47923,111,384
575,50168,3,2075
576,44925,181,3252
577,38862,847,1012
578,54048,37,507
579,50775,106,1571
580,58638,0,431
581,39437,2233,1238
582,39849,79,739
583,58259,11,104
584,45452,799,1801
585,48236,161,1774
586,39879,375,437
587,49791,10,334
588,51905,61,1167
589,37792,790,2467
590,30858,407,2230
591,41941,119,3281
592,49786,201,612
593,43808,687,2827
594,44036,28,2457
595,32305,72,2114
596,53644,23,108
597,47567,51,2841
598,47371,165,1860
599,47065,461,518
600,52204,32,143
601,50277,1,1325
602,52420,79,1500
603,46186,107,2113
604,40390,408,960
605,53259,58,762
606,50599,35,1602
607,50122,784,254
608,47574,791,1477
609,59357,31,3
610,40186,446,1116
611,55930,310,213
612,58577,652,2
613,59280,0,103
614,42811,3776,252
615,49494,1063,1160
616,41427,380,3527
617,29228,192,4556
618,28827,300,2072
619,55783,22,129
620,44620,1198,755
621,45687,247,1158
622,38304,1979,356
623,50435,60,125
624,48203,23,3960
625,55841,25,690
626,38268,38,4083
627,37322,978,979
628,48434,1032,305
629,36095,367,6828
630,40344,336,2988
631,59077,16,146
632,51763,116,721
633,48148,409,1546
634,59453,59,0
635,41654,33,2993
636,42348,1324,495
637,56286,783,35
638,42827,245,4242
639,34149,22,8536
640,40952,1914,298
641,49343,80,205
642,54527,13,1405
643,40181,234,2373
644,39987,876,550
645,50354,632,273
646,55919,26,503
647,41881,1141,2154
648,35396,686,1502
649,25404,1166,3121
650,56015,20,68
651,44009,751,3288
652,40801,400,5903
653,58544,494,86
654,53666,2980,55
655,42200,3914,483
656,59331,66,13
657,56874,200,243
658,50903,1564,154
659,50314,1617,213
660,52722,0,3381
661,32604,4,8221
662,37104,326,1065
663,50785,1126,109
664,41188,1698,1431
665,34756,510,1579
666,29814,1111,1809
667,56873,6,97
668,34808,261,5143
669,41025,212,3684
670,44651,603,2709
671,46270,79,1275
672,39989,651,565
673,50054,77,123
674,55491,5,1311
675,39045,156,3806
676,34813,568,3756
677,58017,1246,0
678,40319,4643,266
679,55492,2931,90
680,55858,46,647
681,54765,1010,418
682,41884,2446,859
683,59370,119,0
684,25354,87,10043
685,27896,326,2000
686,55961,26,58
687,42379,1341,1691
688,40489,458,2501
689,37405,1901,304
690,50683,103,158
691,58872,0,461
692,55123,25,1521
693,40609,241,3310
694,39027,389,1152
695,49186,313,575
696,38175,394,5892
697,34937,761,2195
698,26898,879,4472
699,55539,17,108
700,38854,5376,64
701,55020,273,497
702,44590,171,2285
703,57029,83,764
704,39789,555,1785
705,56728,321,669
706,51718,140,3093
707,42229,567,209
708,49489,93,109
709,54554,101,645
710,36549,208,3970
711,36820,307,1365
712,49624,677,434
713,59054,0,120
714,41038,1641,1298
715,34336,113,2098
716,27108,1142,2200
717,56544,8,71
718,44022,521,4154
719,42347,26,3326
720,41116,149,448
721,49499,41,205
722,50360,5221,16
723,47475,692,1576
724,42813,103,1222
725,59352,25,8
726,39936,400,1366
727,55885,289,258
728,57150,23,1429
729,42920,4771,143
730,49947,1487,707
731,40708,410,4246
732,30516,196,3268
733,28162,355,2737
734,55806,21,106
735,44223,42,2899
736,44313,668,1062
737,45579,209,1266
738,38144,1526,516
739,50449,55,111
740,55802,22,729
741,39216,39,3135
742,37398,1044,903
743,48496,1118,243
744,41459,791,1464
745,39287,155,4045
746,54113,209,1136
747,59004,12,219
748,51206,36,1278
749,47186,198,2508
750,59389,0,64
751,42613,2132,230
752,56291,953,30
753,41744,246,5325
754,34400,23,8285
755,39934,522,1316
756,49383,97,165
757,59078,0,308
758,54363,10,1569
759,39978,185,2576
760,39810,750,727
761,50338,622,289
762,42014,1136,2021
763,35580,750,1318
764,25681,1278,2844
765,56033,32,50
766,45835,729,1462
767,23908,23,22796
768,42515,256,2593
769,58142,218,488
770,53466,1512,255
771,40700,1814,1983
772,59288,35,56
773,50995,2471,62
774,50419,2297,108
775,54379,2,1724
776,34954,57,5871
777,34186,309,3983
778,50719,888,175
779,42292,60,1962
780,48949,93,945
781,40738,964,1881
782,34394,345,1941
783,29474,921,2149
784,56861,7,109
785,44556,560,2804
786,46202,62,1343
787,39903,253,651
788,50056,65,121
789,56022,35,780
790,40297,670,2554
791,58880,114,132
792,36436,210,2133
793,55753,81,625
794,37979,181,3275
795,35897,491,1236
796,47604,1027,857
797,40609,1085,1502
798,38419,527,2128
799,31234,187,2447
800,55993,12,200
801,45620,202,2615
802,49626,10,1873
803,45650,110,2437
804,42510,1508,339
805,48978,157,210
806,53646,219,866
807,40520,128,4002
808,34612,111,1699
809,48851,1593,216
810,43994,326,3480
811,41230,263,1571
812,29927,669,1840
813,40726,447,3103
814,55092,22,109
815,46184,352,1662
816,48878,89,1635
817,42063,1168,408
818,49937,8,267
819,54568,149,1037
820,39085,586,3080
821,35754,441,1900
822,47928,901,504
823,41347,1426,1287
824,51415,550,1379
825,39371,510,1681
826,29776,384,3873
827,56097,15,120
828,47526,334,949
829,47026,124,2119
830,42463,261,419
831,50038,94,224
832,53287,103,904
833,40669,88,3732
834,35463,114,1345
835,57680,308,124
836,48686,281,365
837,43276,439,5454
838,42085,98,1662
839,31915,324,1529
840,55389,12,108
841,47050,304,1567
842,45954,96,1778
843,41951,647,619
844,50272,70,218
845,55069,30,704
846,58030,0,502
847,38515,167,4095
848,34849,439,733
849,48362,808,458
850,41527,356,1995
851,38715,207,904
852,31863,506,2003
853,55515,27,77
854,47206,540,1732
855,47651,277,1903
856,43044,192,348
857,44283,147,2920
858,49146,33,239
859,52945,71,1454
860,41945,108,2985
861,34208,371,1263
862,50870,255,378
863,44017,371,3184
864,37709,472,1959
865,29306,273,2740
866,56487,4,159
867,46463,574,839
868,44037,117,2465
869,45164,143,1975
870,42701,477,622
871,49823,79,259
872,54113,29,705
873,36386,91,6889
874,33024,452,2467
875,49302,581,341
876,43348,157,3113
877,38450,141,1417
878,31756,221,2370
879,51283,193,1651
880,55895,30,96
881,47088,509,1162
882,48432,115,1284
883,41992,319,254
884,49168,79,155
885,52340,183,1062
886,44114,139,2046
887,34195,307,905
888,48480,802,519
889,41758,407,1510
890,56526,72,722
891,41416,131,2847
892,38736,344,2990
893,30438,223,4394
894,56614,8,130
895,46173,543,1513
896,45948,213,1332
897,42721,314,337
898,49763,43,218
899,53132,100,759
900,38155,29,5825
901,33118,309,1758
902,55573,39,944
903,50379,397,573
904,44128,331,2912
905,39966,254,1304
906,31038,406,2118
907,55171,41,110
908,46029,390,4398
909,48287,181,1813
910,39982,362,350
911,49966,110,210
912,55456,77,922
913,56507,354,446
914,37302,146,3952
915,36029,539,1104
916,47594,1251,867
917,40590,1115,1521
918,38664,764,1883
919,31484,310,2197
920,56071,15,122
921,45515,153,2720
922,45433,85,2654
923,42383,738,466
924,41487,152,2921
925,49011,97,177
926,53478,131,1034
927,40540,95,3982
928,34652,102,1659
929,48858,1483,209
930,43843,356,3631
931,41512,326,1289
932,30034,775,1733
933,55047,22,154
934,46372,468,1474
935,56320,38,383
936,48982,116,1531
937,42066,1342,405
938,49984,25,220
939,54576,178,1029
940,38033,215,4132
941,35332,283,2322
942,47827,675,605
943,40376,611,2258
944,39007,225,2045
945,29481,464,4168
946,38713,200,2442
947,56130,29,87
948,47496,285,979
949,46940,115,2205
950,42286,258,596
951,50066,109,196
952,53169,94,1022
953,41024,120,3377
954,35731,155,1077
955,48820,507,231
956,43283,457,5447
957,50829,65,763
958,42165,96,1582
959,31787,315,1657
960,55381,9,116
961,46959,228,1658
962,46310,101,1422
963,42090,1400,480
964,50291,78,199
965,54993,19,780
966,37940,173,4670
967,34099,145,1483
968,59350,29,85
969,48077,482,743
970,41101,267,2421
971,38515,147,1104
972,31673,477,2193
973,55512,32,80
974,47541,717,1397
975,47615,293,1939
976,43069,229,323
977,49107,35,278
978,52948,90,1451
979,50585,11,1781
980,41702,79,3228
981,34279,387,1192
982,50850,256,398
983,44163,389,3038
984,49057,0,3191
985,46264,29,2104
986,40782,114,1662
987,52091,22,1712
988,51701,39,1281
989,43868,108,1775
990,45422,162,1918
991,42292,25,1086
992,56176,15,90
993,50572,129,2088
994,46267,1178,1633
995,55130,170,242
996,50993,41,249
997,56373,307,403
998,49251,55,2214
999,41221,76,954
1000,45312,642,1166
1001,59249,41,14
1002,46564,124,1707
1003,51152,1552,1371
1004,53851,237,517
1005,53155,131,975
1006,42975,192,933
1007,44009,518,1473
1008,56221,38,207
1009,50535,58,1972
1010,48820,86,1384
1011,48250,702,194
1012,51107,44,98
1013,56152,297,364
1014,49541,12,4103
1015,45472,29,3595
1016,43313,128,908
1017,53824,67,1578
1018,50388,293,965
1019,43599,317,1409
1020,41420,56,661
1021,57040,11,108
1022,45198,1607,4382
1023,49813,115,2336
1024,58692,4,316
1025,54211,260,465
1026,52082,776,321
1027,43309,207,1484
1028,52667,39,1785
1029,49162,59,1186
1030,48138,156,1391
1031,50986,444,415
1032,52456,32,1187
1033,51609,20,1254
1034,42678,202,1925
1035,44115,177,3005
1036,41108,27,968
1037,57114,13,60
1038,50892,105,2680
1039,45868,56,2792
1040,53243,62,383
1041,49391,154,102
1042,56397,12,770
1043,48750,512,1266
1044,40842,49,1139
1045,54942,97,301
1046,42858,155,2764
1047,47469,3149,1162
1048,41705,258,1357
1049,50557,1203,941
1050,48484,565,1298
1051,44571,286,2833
1052,56741,31,482
1053,45091,308,1739
1054,56185,102,584
1055,47998,186,437
1056,51889,23,184
1057,55301,99,365
1058,48964,3,2635
1059,45329,12,3042
1060,42157,107,1183
1061,52623,22,1830
1062,51683,48,1494
1063,43939,140,1958
1064,43239,18,2172
1065,55901,22,60
1066,48743,850,2002
1067,49795,175,914
1068,59074,0,319
1069,53255,224,340
1070,50030,37,195
1071,48795,387,1258
1072,42155,639,2141
1073,55497,199,1197
1074,46005,234,1132
1075,50543,445,1485
1076,47170,267,5720
1077,53583,170,1306
1078,41476,106,1876
1079,40375,203,3396
1080,39877,42,1309
1081,57785,7,121
1082,50141,43,3662
1083,46614,136,1785
1084,49816,36,640
1085,50017,49,108
1086,53695,26,1301
1087,47171,143,2630
1088,43866,164,1419
1089,54837,32,1255
1090,53731,21,1179
1091,50072,45,2604
1092,44220,221,1890
1093,46312,17,984
1094,56333,1,107
1095,44294,836,1944
1096,49110,467,2101
1097,45101,423,1527
1098,54609,30,1172
1099,54022,60,520
1100,51137,429,1264
1101,59213,7,131
1102,49374,5,2874
1103,46344,43,2024
1104,40969,158,1475
1105,52328,40,1475
1106,51827,54,1155
1107,43664,88,1979
1108,42154,18,1224
1109,56197,19,69
1110,50817,133,1843
1111,46224,1044,1676
1112,36343,11,8463
1113,50035,340,1223
1114,54790,0,1593
1115,55083,113,289
1116,50958,41,284
1117,56310,237,466
1118,49065,64,2400
1119,40884,40,1291
1120,45438,697,1040
1121,51201,1603,1322
1122,53753,238,615
1123,53170,150,960
1124,43195,290,713
1125,46571,418,1376
1126,44424,577,1058
1127,56248,55,180
1128,50412,64,2095
1129,48774,107,1430
1130,48063,146,381
1131,51139,63,66
1132,49698,11,3946
1133,45664,18,3403
1134,43397,248,824
1135,53874,72,1528
1136,48693,452,2298
1137,50160,179,1193
1138,43256,173,1752
1139,41388,41,693
1140,57048,11,100
1141,47472,2169,2108
1142,50274,146,1875
1143,54199,285,477
1144,52104,888,299
1145,43513,281,1280
1146,52674,39,1778
1147,38338,336,3655
1148,49089,57,1259
1149,48039,158,1490
1150,50970,395,431
1151,52323,24,1320
1152,51196,16,1667
1153,42570,180,2033
1154,41039,29,1037
1155,57125,18,49
1156,50750,93,2822
1157,46094,95,2566
1158,55657,55,547
1159,53230,71,396
1160,49392,150,101
1161,56382,16,785
1162,48924,568,1092
1163,40881,79,1100
1164,54886,103,357
1165,47124,2898,1507
1166,41967,255,1095
1167,50420,1144,1078
1168,47981,472,1801
1169,56883,409,132
1170,44404,251,3000
1171,56726,25,497
1172,44677,258,2153
1173,56158,89,611
1174,56851,754,48
1175,21632,10900,429
1176,59532,4,0
1177,44109,303,1690
1178,47449,195,1458
1179,43876,207,1975
1180,44391,76,2925
1181,48048,80,2187
1182,41914,184,2635
1183,37076,847,1347
1184,59479,10,37
1185,47018,66,1627
1186,41356,395,4290
1187,47764,43,1808
1188,40589,223,3413
1189,49111,154,880
1190,40722,1923,2468
1191,54092,65,903
1192,36974,2460,1501
1193,58855,48,433
1194,56816,690,83
1195,21291,9610,770
1196,59532,4,0
1197,44353,288,1446
1198,47560,187,1347
1199,43938,154,1913
1200,48238,89,1997
1201,40875,109,3674
1202,59031,74,186
1203,36067,352,2356
1204,59269,9,247
1205,47546,186,1099
1206,42366,617,3280
1207,48043,36,1529
1208,40870,301,3132
1209,49333,158,658
1210,38875,709,4315
1211,36460,1394,2015
1212,59042,75,246
1213,42779,258,1699
1214,56776,755,123
1215,21547,10978,514
1216,59532,4,0
1217,43614,186,2185
1218,47539,158,1368
1219,44298,271,1553
1220,48161,124,2074
1221,42711,228,1838
1222,37184,786,1239
1223,59154,9,362
1224,41896,53,2391
1225,42031,68,2560
1226,46860,50,1785
1227,40518,271,5128
1228,47830,33,1742
1229,40403,262,3599
1230,49263,199,728
1231,39476,1072,3714
1232,36615,1774,1860
1233,58589,13,699
1234,56610,372,289
1235,21682,11648,379
1236,55397,39,333
1237,59532,4,0
1238,44536,368,1263
1239,47785,260,1122
1240,44195,248,1656
1241,47891,73,2344
1242,41586,161,2963
1243,36471,469,1952
1244,59262,9,254
1245,47539,143,1106
1246,41619,408,4027
1247,58625,0,396
1248,47695,23,1877
1249,41015,405,2987
1250,49032,160,959
1251,39058,599,4132
1252,36685,2240,1790
1253,59027,22,261
1254,56768,639,131
1255,21218,10292,843
1256,59532,4,0
1257,44504,312,1295
1258,42878,181,3464
1259,47412,132,1495
1260,44160,255,1691
1261,48019,83,2216
1262,42637,185,1912
1263,35964,340,2459
1264,59177,9,339
1265,47083,60,1562
1266,42187,535,3459
1267,47865,49,1707
1268,41462,531,2540
1269,50561,125,810
1270,49057,174,934
1271,39885,977,3305
1272,36631,1926,1844
1273,58538,22,750
1274,56841,757,58
1275,21595,11360,466
1276,59532,4,0
1277,44137,300,1662
1278,47364,216,1543
1279,43792,244,2059
1280,58988,17,53
1281,48074,83,2161
1282,42084,213,2465
1283,37068,731,1355
1284,59459,10,57
1285,46826,69,1819
1286,41364,378,4282
1287,48109,36,1463
1288,40844,255,3158
1289,49177,164,814
1290,40831,2236,2359
1291,49804,1,2045
1292,36863,2299,1612
1293,58792,39,496
1294,56735,636,164
1295,21241,9733,820
1296,59532,4,0
1297,44347,308,1452
1298,47544,152,1363
1299,43836,191,2015
1300,48229,123,2006
1301,41070,134,3479
1302,40241,410,2811
1303,36304,394,2119
1304,59243,9,273
1305,47576,162,1069
1306,42574,649,3072
1307,48265,24,1307
1308,41512,369,2490
1309,49308,169,683
1310,39685,853,3505
1311,36442,1317,2033
1312,58985,54,303
1313,53324,19,1313
1314,56800,730,99
1315,21528,11183,533
1316,59532,4,0
1317,43598,209,2201
1318,47599,148,1308
1319,44187,257,1664
1320,48185,112,2050
1321,42633,218,1916
1322,37262,824,1161
1323,59207,9,309
1324,56248,333,947
1325,46829,49,1816
1326,41063,366,4583
1327,47745,31,1827
1328,40595,255,3407
1329,49283,190,708
1330,39981,857,3209
1331,36698,1867,1777
1332,58530,22,758
1333,39832,262,4311
1334,55904,65,545
1335,57210,157,785
1336,58390,0,547
1337,56696,71,435
1338,54806,43,1234
1339,57697,36,329
1340,43507,117,2909
1341,53718,133,1498
1342,59089,1,149
1343,45587,35,4830
1344,55391,82,778
1345,44055,73,5461
1346,56478,21,504
1347,45613,69,3318
1348,44769,49,2626
1349,50080,25,3599
1350,45022,47,3273
1351,55970,10,488
1352,56811,7,2158
1353,48270,76,1794
1354,31993,204,6621
1355,47505,106,1521
1356,47238,276,1324
1357,45332,230,1974
1358,58633,0,865
1359,48561,129,999
1360,46584,168,1907
1361,54060,175,869
1362,57813,27,321
1363,43504,133,1753
1364,51858,193,417
1365,57974,41,912
1366,50901,187,521
1367,56759,10,2224
1368,50767,253,727
1369,56529,23,771
1370,49493,3,4325
1371,50428,147,2811
1372,54622,0,1932
1373,44466,22,6705
1374,54947,2538,308
1375,37232,4351,7680
1376,58348,47,339
1377,57968,34,420
1378,49834,175,1189
1379,58247,9,540
1380,47111,108,1844
1381,51119,8,941
1382,49400,62,976
1383,46486,106,3144
1384,51714,204,522
1385,57378,89,394
1386,41981,166,2391
1387,58180,24,95
1388,41794,154,1466
1389,58087,75,151
1390,41836,273,1554
1391,48754,305,1867
1392,57985,128,142
1393,39392,173,4687
1394,53262,66,1620
1395,59415,0,67
1396,46694,829,2142
1397,58977,7,159
1398,42236,1419,3249
1399,54260,49,4101
1400,42472,1691,2992
1401,56294,22,840
1402,46009,49,3069
1403,58784,0,514
1404,51119,84,899
1405,49456,214,701
1406,48112,180,1899
1407,50191,113,782
1408,49246,91,1357
1409,47808,95,1340
1410,48525,166,988
1411,49767,125,1287
1412,48113,129,1300
1413,51236,52,843
1414,50952,42,1986
1415,58102,62,65
1416,35112,2093,6375
1417,43099,263,4910
1418,41616,196,2922
1419,56180,58,415
1420,42042,225,2206
1421,55311,34,1042
1422,59170,0,230
1423,46295,46,4322
1424,58027,0,368
1425,56690,105,624
1426,59201,17,305
1427,51136,400,1290
1428,49493,113,734
1429,50011,76,1197
1430,47101,116,1335
1431,48640,96,2003
1432,44181,109,3976
1433,50160,72,1173
1434,47509,191,1358
1435,40382,140,3211
1436,46070,296,1640
1437,48100,510,1966
1438,40088,166,4055
1439,55727,56,722
1440,56521,59,610
1441,54677,30,1363
1442,57425,30,601
1443,43221,133,3195
1444,53713,104,1503
1445,59084,3,154
1446,36642,437,3915
1447,49019,87,816
1448,45505,36,4912
1449,55533,95,636
1450,43833,78,5683
1451,56488,25,494
1452,44359,72,3036
1453,50004,27,3675
1454,44555,36,3740
1455,55923,17,535
1456,56653,10,2316
1457,48328,85,1736
1458,59323,7,96
1459,32022,274,6592
1460,47585,109,1441
1461,46708,173,1854
1462,45438,238,1868
1463,48633,125,927
1464,46705,205,1786
1465,54018,157,911
1466,57935,68,199
1467,43488,144,1769
1468,51885,214,390
1469,49852,10,2156
1470,57962,48,924
1471,50881,164,541
1472,56455,13,2528
1473,50715,260,779
1474,49412,2,4406
1475,52225,128,1014
1476,54577,0,1977
1477,45377,28,5794
1478,54857,2392,398
1479,36633,3977,8279
1480,42479,588,2467
1481,58318,35,369
1482,57860,32,528
1483,50206,275,817
1484,58280,7,507
1485,51264,25,796
1486,49617,97,759
1487,46854,106,2776
1488,51588,176,648
1489,57443,121,329
1490,42384,189,1988
1491,48794,185,985
1492,58212,46,63
1493,42010,151,1250
1494,58101,70,137
1495,41651,236,1739
1496,57940,78,187
1497,38895,106,5184
1498,53171,54,1711
1499,59463,5,19
1500,46830,1188,2006
1501,52641,70,886
1502,57192,270,243
1503,41609,159,3419
1504,33225,354,1790
1505,48078,308,468
1506,45002,473,3626
1507,40954,539,1591
1508,30569,798,2288
1509,54540,17,234
1510,46015,457,3863
1511,46870,1060,1195
1512,40974,611,267
1513,58092,36,264
1514,47534,131,413
1515,53280,765,263
1516,41050,569,1827
1517,30523,268,1497
1518,54412,134,378
1519,45885,4402,575
1520,42621,191,1433
1521,38301,472,1210
1522,58581,28,82
1523,50134,37,2777
1524,44186,55,3132
1525,49177,214,955
1526,39527,815,421
1527,49960,38,176
1528,52775,270,612
1529,41496,351,3466
1530,30610,1962,1082
1531,49131,1000,469
1532,45334,322,3048
1533,42679,233,1560
1534,32294,594,2345
1535,42342,41,3462
1536,53521,18,169
1537,45970,515,2686
1538,47609,234,2421
1539,39558,1562,196
1540,47821,65,375
1541,50035,1,2223
1542,45407,432,2958
1543,39014,1416,913
1544,53972,134,448
1545,51298,146,1143
1546,53909,403,1234
1547,39478,2306,1200
1548,39233,69,793
1549,58049,10,159
1550,45821,1028,1461
1551,48490,215,1498
1552,39358,598,401
1553,49779,34,321
1554,51898,82,923
1555,38351,731,1938
1556,32363,1284,920
1557,42048,130,3170
1558,57460,0,2070
1559,50405,672,345
1560,44501,1204,1828
1561,45022,50,2053
1562,31724,196,1939
1563,53503,21,173
1564,47137,38,2743
1565,46402,276,1843
1566,47154,1283,464
1567,52042,42,113
1568,50470,4,892
1569,40677,95,4492
1570,46244,63,2025
1571,40106,619,1180
1572,53353,70,880
1573,51138,223,903
1574,41195,269,1987
1575,31195,685,2033
1576,55697,19,130
1577,45975,372,3606
1578,48272,263,2056
1579,40300,311,455
1580,56208,14,472
1581,48472,173,305
1582,52334,74,1170
1583,40224,1029,1435
1584,32439,247,1710
1585,50236,641,331
1586,43361,864,2216
1587,42671,1384,1922
1588,30086,270,2531
1589,53811,21,159
1590,47516,2542,1583
1591,57408,0,1627
1592,46322,361,2318
1593,46285,183,1111
1594,52480,153,67
1595,49823,451,1267
1596,45024,124,2062
1597,40856,248,865
1598,49275,589,309
1599,43726,1454,1004
1600,42555,315,1475
1601,30290,1767,3095
1602,46315,55,2261
1603,54877,0,165
1604,46410,134,3862
1605,46341,461,1149
1606,40318,1019,225
1607,47478,44,358
1608,52558,181,725
1609,38508,159,4899
1610,30341,345,2266
1611,50552,294,358
1612,45988,141,3076
1613,59200,77,144
1614,42339,314,1602
1615,36711,1126,959
1616,57847,8,140
1617,49227,176,3848
1618,48844,130,1769
1619,47992,339,620
1620,52056,26,250
1621,52467,50,1060
1622,41246,123,3782
1623,33688,538,1327
1624,57346,0,570
1625,48261,601,285
1626,45112,526,3516
1627,41044,583,1501
1628,30898,1318,1959
1629,54603,22,171
1630,45590,406,4288
1631,46767,1048,1298
1632,40896,654,345
1633,47538,149,409
1634,53182,684,361
1635,43120,26,2905
1636,40274,402,2603
1637,30165,194,1855
1638,54529,174,261
1639,46008,4609,452
1640,42807,209,1247
1641,38530,478,981
1642,58555,36,108
1643,50085,41,2826
1644,48909,143,1223
1645,39556,1226,392
1646,50017,83,1707
1647,49987,62,149
1648,52798,237,589
1649,41540,340,3422
1650,30604,1306,1088
1651,49054,828,546
1652,45096,241,3286
1653,42211,152,2028
1654,32026,481,2613
1655,53571,27,119
1656,45605,457,3051
1657,45972,28,2475
1658,47468,223,2562
1659,39362,985,392
1660,47899,153,297
1661,50145,4,2113
1662,45539,388,2826
1663,38930,1189,997
1664,53935,74,485
1665,51133,141,1308
1666,39599,2407,1079
1667,39338,82,688
1668,55103,92,301
1669,46274,71,1461
1670,58083,15,125
1671,46281,1073,1001
1672,48255,225,1733
1673,39280,470,479
1674,49799,21,301
1675,51885,80,936
1676,38249,643,2040
1677,31733,496,1550
1678,50135,263,615
1679,44007,701,2322
1680,55130,272,987
1681,44600,49,2475
1682,31587,96,2076
1683,53552,30,124
1684,47603,90,2277
1685,46459,354,1786
1686,47018,1023,600
1687,51973,36,182
1688,50342,5,1020
1689,46044,85,2225
1690,40082,571,1204
1691,58845,37,203
1692,53351,69,882
1693,51060,222,981
1694,40837,322,3712
1695,47074,412,1321
1696,45267,230,1551
1697,48683,199,1390
1698,47579,227,1130
1699,54476,130,1041
1700,57904,45,276
1701,42821,196,1620
1702,42885,359,1944
1703,51261,285,566
1704,58016,38,791
1705,51065,299,345
1706,56512,4,2493
1707,51257,375,590
1708,50380,8,3989
1709,52443,255,942
1710,54713,2,1909
1711,44842,25,6201
1712,54610,2527,367
1713,40974,220,2088
1714,38126,4417,7189
1715,58417,26,764
1716,42136,2321,2467
1717,54510,70,3993
1718,43536,1984,2076
1719,56538,81,724
1720,58913,4,447
1721,50976,116,905
1722,48561,210,883
1723,47795,211,2088
1724,54133,65,1657
1725,50302,136,699
1726,48425,100,1666
1727,48049,106,1416
1728,47659,147,1538
1729,49517,111,1597
1730,47627,148,1544
1731,51082,54,2160
1732,58018,121,18
1733,35488,2100,6238
1734,42914,301,4799
1735,58589,0,480
1736,55911,102,416
1737,56935,170,255
1738,54175,38,1531
1739,56894,68,884
1740,42835,139,2712
1741,54028,211,1477
1742,59352,8,69
1743,45177,33,4739
1744,55390,93,866
1745,43710,97,5890
1746,42216,90,3006
1747,56414,17,861
1748,43601,36,3000
1749,50065,64,3487
1750,45234,111,2887
1751,55862,12,581
1752,56911,10,2162
1753,48705,143,1341
1754,31306,246,6654
1755,47975,123,1630
1756,58029,38,451
1757,52429,64,1491
1758,49167,246,1492
1759,58595,9,427
1760,51567,41,774
1761,49545,107,1077
1762,47110,147,2591
1763,51070,276,730
1764,57323,94,345
1765,42225,224,2199
1766,58049,86,66
1767,41403,178,1306
1768,59262,0,121
1769,58364,80,126
1770,41255,237,1871
1771,58030,120,71
1772,37657,106,5145
1773,53766,87,1425
1774,59374,0,79
1775,46457,1698,1737
1776,40806,580,2697
1777,56214,69,424
1778,42367,280,1999
1779,40273,420,4689
1780,47970,21,4193
1781,55119,58,1040
1782,59389,73,44
1783,45335,44,4248
1784,56609,99,913
1785,59077,0,364
1786,50226,321,1773
1787,48821,137,900
1788,49626,123,1017
1789,47313,160,1271
1790,48529,115,2329
1791,41958,73,2689
1792,44682,119,3440
1793,49213,75,1532
1794,47496,242,1687
1795,46239,372,1249
1796,47830,1101,1712
1797,40400,277,4149
1798,47016,374,1379
1799,44763,188,2055
1800,48720,131,1353
1801,47163,169,1546
1802,55860,25,562
1803,54617,156,900
1804,57992,77,188
1805,42902,194,1539
1806,51175,340,652
1807,57998,54,809
1808,50934,183,476
1809,56384,3,2621
1810,51005,214,842
1811,49888,5,4481
1812,52149,143,1236
1813,56864,187,253
1814,54588,5,2034
1815,45369,37,5674
1816,54638,2620,339
1817,38878,4547,6437
1818,58388,30,793
1819,42063,2218,2540
1820,54962,85,3541
1821,42672,1861,2940
1822,56289,5,973
1823,58815,0,545
1824,41122,219,3587
1825,51051,126,830
1826,48670,286,774
1827,48166,329,1717
1828,50353,153,648
1829,49058,154,1033
1830,48202,132,1263
1831,48048,177,1149
1832,49594,120,1520
1833,47810,262,1361
1834,51174,47,2068
1835,55860,47,645
1836,57991,88,45
1837,36076,2244,5650
1838,42658,332,5055
1839,55575,78,752
1840,56679,174,511
1841,54062,42,1644
1842,56831,144,947
1843,43085,134,2462
1844,54201,180,1304
1845,59342,10,79
1846,58986,5,347
1847,45223,38,4693
1848,55415,97,841
1849,44679,109,4921
1850,56486,18,789
1851,44247,45,2354
1852,49934,56,3618
1853,45041,89,3080
1854,55918,13,525
1855,57379,21,1694
1856,48508,132,1538
1857,44737,248,2138
1858,31827,319,6133
1859,46246,59,3262
1860,51556,53,958
1861,58173,1,320
1862,40254,185,2950
1863,48683,87,871
1864,59255,0,186
1865,49659,15,2124
1866,43470,1003,1817
1867,48881,186,911
1868,59024,0,150
1869,57208,348,179
1870,58299,77,164
1871,43953,208,2952
1872,42188,71,3064
1873,53794,552,1077
1874,57226,0,2227
1875,41699,178,3827
1876,56425,17,323
1877,57669,2,1486
1878,45522,59,2413
1879,42900,133,1135
1880,59280,36,139
1881,57635,0,617
1882,41872,14,3176
1883,49242,77,1973
1884,45782,35,2546
1885,45725,98,1354
1886,55316,466,565
1887,58996,70,105
1888,42486,595,1393
1889,40509,369,2292
1890,50912,357,1000
1891,44190,39,2932
1892,54015,92,1411
1893,58275,0,475
1894,40963,186,3576
1895,52137,102,1260
1896,59169,0,124
1897,47409,71,4092
1898,40702,99,3166
1899,55880,36,418
1900,56719,314,224
1901,40403,300,3381
1902,54028,172,1221
1903,55906,75,612
1904,58969,0,409
1905,45458,303,2043
1906,58753,0,141
1907,42645,113,1311
1908,42921,74,3101
1909,53985,243,1174
1910,59054,0,315
1911,42460,343,2362
1912,49718,129,696
1913,59086,2,300
1914,58822,122,104
1915,48871,17,1977
1916,41145,819,3119
1917,50762,472,1216
1918,57695,287,307
1919,58296,2,438
1920,44761,184,2799
1921,43457,179,2284
1922,50707,286,1618
1923,41895,174,2837
1924,42321,222,2787
1925,55684,56,773
1926,56152,554,370
1927,42793,305,2214
1928,56515,53,245
1929,38917,249,2095
1930,50689,115,854
1931,59417,3,36
1932,50408,7,1861
1933,45286,161,2075
1934,47216,155,1584
1935,48931,120,963
1936,56060,374,430
1937,58820,33,190
1938,44582,255,2236
1939,41809,226,3226
1940,54920,150,433
1941,59126,0,315
1942,41195,236,3239
1943,53618,28,1209
1944,59254,30,112
1945,55013,0,1414
1946,58833,108,179
1947,46739,519,1177
1948,48703,563,1921
1949,38107,258,3965
1950,55662,80,431
1951,56920,449,118
1952,44441,131,2746
1953,54670,90,798
1954,59076,52,189
1955,42956,353,1289
1956,41944,105,2593
1957,49753,11,1746
1958,55438,28,295
1959,58538,4,343
1960,43099,251,2608
1961,50576,157,748
1962,59020,9,69
1963,49647,10,1850
1964,39150,521,3695
1965,53201,27,1395
1966,55970,450,853
1967,58675,0,438
1968,40881,390,2948
1969,45281,101,3472
1970,58779,0,729
1971,56617,21,804
1972,47270,150,1646
1973,48608,403,1719
1974,46531,64,2977
1975,51730,57,784
1976,58218,0,275
1977,40547,212,2657
1978,48757,93,797
1979,51305,515,1489
1980,59233,0,208
1981,49625,13,2158
1982,43139,866,2148
1983,48865,213,927
1984,57184,321,203
1985,58286,76,177
1986,43465,145,3440
1987,42214,71,3038
1988,53770,568,1101
1989,57269,0,2184
1990,57695,316,109
1991,41309,142,4217
1992,56396,15,352
1993,57624,3,1531
1994,45724,64,2211
1995,59294,43,125
1996,57735,0,517
1997,42054,36,2994
1998,49367,81,1848
1999,45912,42,2416
2000,45736,102,1343
2001,35901,22,5221
2002,57945,0,587
2003,54748,423,1133
2004,58963,45,138
2005,42313,507,1566
2006,40258,308,2543
2007,53986,92,1440
2008,58275,0,475
2009,41446,224,3093
2010,52193,107,1204
2011,59151,0,142
2012,47291,46,4210
2013,44433,184,2770
2014,40778,153,3090
2015,55831,25,467
2016,56729,302,214
2017,40587,323,3197
2018,55903,47,615
2019,59047,2,331
2020,45660,376,1841
2021,58743,0,151
2022,42909,178,1047
2023,43157,79,2865
2024,44129,127,2373
2025,53809,219,1350
2026,59063,0,306
2027,42323,318,2499
2028,49596,142,818
2029,58796,78,130
2030,49045,19,1803
2031,41003,903,3261
2032,50728,464,1250
2033,57705,293,297
2034,58236,2,498
2035,51359,191,1575
2036,44836,216,2724
2037,43553,200,2188
2038,50704,283,1621
2039,42109,226,2623
2040,55788,66,669
2041,56198,703,324
2042,42255,238,2752
2043,56513,47,247
2044,39983,111,4054
2045,56638,67,573
2046,41551,173,2712
2047,36808,26,8417
2048,24921,93,3384
2049,40214,160,2353
2050,56424,29,2118
2051,33162,393,7119
2052,40440,69,4049
2053,59534,2,0
2054,41018,25,4117
2055,54270,143,409
2056,39933,559,4372
2057,55769,45,748
2058,50453,299,1519
2059,35663,21,5370
2060,42627,110,1820
2061,30609,498,3404
2062,40165,86,3005
2063,58632,42,186
2064,37898,121,7483
2065,39272,270,2064
2066,25041,156,2858
2067,59149,50,6
2068,56591,488,362
2069,49784,13,2301
2070,41937,891,1784
2071,50014,262,1868
2072,41502,361,2270
2073,57206,475,371
2074,54956,16,777
2075,43034,337,3388
2076,49228,228,1561
2077,35676,156,4781
2078,37574,619,5649
2079,40978,121,3430
2080,24356,23,3680
2081,59208,73,4
2082,48593,84,2888
2083,35214,486,5622
2084,40887,332,3472
2085,55711,134,304
2086,38737,1466,2171
2087,55141,26,942
2088,42463,414,3528
2089,29073,171,4156
2090,56274,35,429
2091,41653,149,2708
2092,57632,336,235
2093,54894,393,401
2094,42881,638,2503
2095,49977,221,1589
2096,36104,261,4302
2097,42435,79,1325
2098,56473,84,801
2099,59371,19,2
2100,50566,440,1082
2101,56024,352,1164
2102,40641,62,3201
2103,56818,68,1158
2104,35932,599,4486
2105,57111,306,295
2106,36522,920,1074
2107,42355,247,1214
2108,30585,131,3479
2109,41785,237,2176
2110,57277,79,625
2111,54274,285,478
2112,42655,106,1882
2113,55010,44,365
2114,59144,60,50
2115,48787,132,2207
2116,37162,27,4757
2117,42878,267,827
2118,56302,47,528
2119,37882,1223,2307
2120,26742,86,4836
2121,59355,24,13
2122,27793,425,4379
2123,59220,11,83
2124,36554,1282,579
2125,50317,521,966
2126,35221,504,5661
2127,42357,150,1655
2128,28945,244,4492
2129,42177,90,2305
2130,40503,107,3534
2131,56483,69,728
2132,36243,21,8982
2133,25028,37,3277
2134,40650,206,1917
2135,54547,0,2722
2136,57157,60,1385
2137,36483,741,3798
2138,41278,102,3211
2139,59534,2,0
2140,41217,81,3918
2141,54082,106,597
2142,39332,338,4973
2143,50091,240,1881
2144,37041,68,3992
2145,42917,238,1530
2146,35398,641,504
2147,30615,497,3398
2148,40008,79,3162
2149,58557,18,261
2150,35888,30,9493
2151,38650,235,2686
2152,25113,197,2786
2153,59152,74,3
2154,50043,16,2042
2155,41479,846,2242
2156,50015,183,1867
2157,34638,3623,852
2158,41254,356,2518
2159,57380,538,197
2160,54883,9,850
2161,44023,551,2399
2162,49636,364,1153
2163,36778,299,3679
2164,37885,634,5338
2165,24716,40,3320
2166,59205,57,7
2167,47615,74,3866
2168,41982,686,1598
2169,34328,436,6508
2170,40475,375,3884
2171,55693,145,322
2172,38744,1481,2164
2173,55290,74,793
2174,42431,620,3560
2175,28872,219,4357
2176,42275,231,2086
2177,57680,283,187
2178,55015,643,280
2179,48576,634,1730
2180,42101,550,3283
2181,49644,224,1922
2182,55530,61,834
2183,38655,79,3628
2184,35869,308,1304
2185,48156,692,745
2186,40714,806,1926
2187,39216,304,2027
2188,31713,107,2672
2189,56017,6,169
2190,45204,235,1288
2191,46472,173,2063
2192,46283,96,2374
2193,42339,1418,133
2194,49737,32,168
2195,53321,114,941
2196,41841,97,3365
2197,34067,81,1829
2198,48801,1205,315
2199,43696,149,3601
2200,41117,368,1728
2201,48317,285,1244
2202,30945,517,2056
2203,55161,19,145
2204,45961,226,2107
2205,48093,33,1991
2206,41267,840,382
2207,50395,19,272
2208,54606,136,872
2209,39027,200,3251
2210,35510,388,1938
2211,48388,705,568
2212,29292,393,6245
2213,41219,729,1615
2214,39465,424,1672
2215,29680,273,3822
2216,55989,3,153
2217,46985,234,1693
2218,46796,109,2586
2219,42313,504,382
2220,49575,105,254
2221,53325,75,949
2222,40987,39,3876
2223,25568,83,2325
2224,30497,492,3115
2225,56391,109,1216
2226,34818,81,1515
2227,49340,142,499
2228,42654,279,6432
2229,42151,95,1770
2230,31626,291,1542
2231,55526,7,122
2232,46755,143,2315
2233,46620,63,1582
2234,41135,338,660
2235,50357,52,273
2236,58785,0,731
2237,55046,18,819
2238,37387,160,4565
2239,34904,296,1030
2240,48952,497,522
2241,42032,289,2010
2242,38835,196,936
2243,31278,306,2423
2244,55953,9,76
2245,47309,441,1712
2246,48123,334,1644
2247,45798,287,3263
2248,42945,151,354
2249,49300,51,276
2250,52832,56,1508
2251,41784,56,3291
2252,33850,246,1392
2253,50151,232,457
2254,43256,305,3736
2255,37420,503,2155
2256,28502,114,3023
2257,56516,4,177
2258,58958,9,439
2259,46941,365,1270
2260,45298,104,1969
2261,43018,225,292
2262,49854,66,236
2263,54265,17,822
2264,35809,93,7308
2265,33119,367,2105
2266,49319,475,443
2267,42097,67,4553
2268,38273,161,1521
2269,48205,147,1959
2270,30983,96,2658
2271,55736,20,99
2272,46754,267,1826
2273,48715,71,1261
2274,42070,229,200
2275,49098,69,217
2276,52585,165,943
2277,43158,44,2688
2278,33909,277,900
2279,48492,677,531
2280,59083,7,297
2281,41317,161,2342
2282,38417,354,3159
2283,30300,126,4411
2284,56493,6,156
2285,46503,276,1709
2286,45604,231,1512
2287,42924,331,334
2288,49781,19,263
2289,53377,66,895
2290,38165,38,6322
2291,41467,1423,1202
2292,33321,146,1903
2293,49713,263,702
2294,44031,325,2935
2295,39510,252,1244
2296,30531,220,2437
2297,55429,14,129
2298,45419,285,5339
2299,48112,178,1883
2300,40121,358,400
2301,49790,93,222
2302,27762,999,4006
2303,55231,62,1133
2304,38146,85,4137
2305,35899,361,1274
2306,48193,932,708
2307,40601,648,2039
2308,39533,457,1710
2309,31889,218,2496
2310,56081,4,105
2311,46330,160,2205
2312,46059,68,2598
2313,59450,12,68
2314,42307,967,165
2315,49737,29,168
2316,53214,80,1048
2317,41953,78,3253
2318,34153,85,1743
2319,48799,1172,317
2320,43523,201,3774
2321,41380,406,1465
2322,30953,446,2048
2323,55129,13,177
2324,34233,3391,1326
2325,46089,265,1979
2326,48123,47,1961
2327,41206,681,443
2328,50426,28,241
2329,54344,114,1134
2330,37945,167,4333
2331,35129,276,2319
2332,48269,538,687
2333,39749,357,3085
2334,39183,278,1954
2335,39914,84,3013
2336,38251,2743,1445
2337,29645,315,3857
2338,56037,11,105
2339,46917,219,1761
2340,46628,112,2754
2341,42139,158,556
2342,49603,103,226
2343,53225,71,1049
2344,41481,55,3382
2345,35159,128,1174
2346,49512,371,327
2347,47615,1051,954
2348,42665,328,6421
2349,42207,100,1714
2350,31446,262,1722
2351,55522,4,126
2352,46535,96,2535
2353,46964,70,1238
2354,41283,489,512
2355,50372,44,258
2356,54947,13,918
2357,36727,153,5225
2358,33321,1556,3715
2359,34261,136,1673
2360,48744,339,730
2361,41745,220,2297
2362,38643,153,1128
2363,31088,251,2613
2364,55939,10,90
2365,47423,481,1598
2366,48048,328,1719
2367,42963,222,336
2368,49271,39,305
2369,56985,835,0
2370,52827,71,1513
2371,41685,30,3390
2372,33853,248,1389
2373,50134,238,474
2374,43164,303,3828
2375,30962,140,6818
2376,56082,136,929
2377,59018,24,390
2378,43217,1651,367
2379,53597,309,311
2380,35885,553,9381
2381,57650,0,1162
2382,53684,23,319
2383,35062,394,6257
2384,53040,59,3373
2385,43135,1110,3729
2386,50133,436,1012
2387,38450,2684,1123
2388,46210,1118,1396
2389,33269,1318,3723
2390,56979,769,87
2391,58490,24,809
2392,37330,45,8089
2393,42904,1608,2092
2394,58836,0,659
2395,44451,667,1233
2396,53477,122,278
2397,32003,3581,765
2398,35732,374,2092
2399,59482,0,16
2400,33875,2255,1539
2401,59182,32,271
2402,36889,224,2823
2403,39290,324,1935
2404,40080,1925,1045
2405,56808,1184,2
2406,31783,1521,3897
2407,56653,1102,133
2408,58027,32,1197
2409,44162,281,1094
2410,54536,37,1166
2411,30379,4938,532
2412,53692,2,4074
2413,31953,1059,1842
2414,25690,83,2221
2415,36059,685,1379
2416,45004,282,1124
2417,46981,183,2898
2418,43921,681,931
2419,46643,713,1189
2420,44437,59,1545
2421,48419,92,1436
2422,34697,279,5429
2423,42990,1372,378
2424,57710,55,1195
2425,59265,56,2
2426,42531,1089,784
2427,53382,0,2179
2428,33587,981,845
2429,36566,467,2059
2430,59518,0,9
2431,36964,276,2078
2432,44283,267,1383
2433,48010,569,770
2434,32982,207,5450
2435,56873,137,951
2436,50385,40,1882
2437,27635,1207,3121
2438,57257,73,797
2439,31242,293,8045
2440,54827,260,2361
2441,54774,12,601
2442,36351,976,782
2443,53506,0,3763
2444,35096,451,806
2445,34636,3543,854
2446,42262,746,1318
2447,42060,724,2048
2448,48887,1074,1419
2449,45248,237,1244
2450,48445,341,1116
2451,32928,1168,2609
2452,56428,79,1179
2453,58523,0,993
2454,44811,124,4250
2455,58692,6,705
2456,47257,80,2907
2457,58962,7,418
2458,57298,416,130
2459,41943,1602,726
2460,28228,1546,3540
2461,59448,13,70
2462,33523,3093,2036
2463,38234,2781,1462
2464,47764,1115,805
2465,33765,1799,3271
2466,56985,896,0
2467,33487,391,4293
2468,56070,154,941
2469,41168,126,1881
2470,36772,364,1695
2471,58946,26,462
2472,43192,1658,392
2473,53607,357,301
2474,34988,312,10278
2475,53706,36,297
2476,35667,613,5652
2477,53037,54,3376
2478,42727,1061,4137
2479,49741,401,1404
2480,38290,2605,1283
2481,42284,118,1427
2482,45751,962,1855
2483,33105,1294,3887
2484,56962,832,104
2485,59266,65,33
2486,43049,1752,1947
2487,58937,0,558
2488,44591,788,1093
2489,53552,151,203
2490,31915,3531,853
2491,35611,344,2213
2492,29713,188,3695
2493,59475,0,23
2494,33699,2107,1715
2495,59177,32,276
2496,36432,183,3280
2497,50245,1179,294
2498,47912,860,1767
2499,59358,7,18
2500,40222,480,709
2501,55820,370,158
2502,58564,612,5
2503,41870,191,2397
2504,42471,3624,272
2505,50306,514,854
2506,41345,120,4269
2507,29922,138,4289
2508,28841,203,2392
2509,56093,13,140
2510,44348,788,1228
2511,45093,91,1892
2512,38496,1358,343
2513,50513,34,134
2514,55904,78,1934
2515,56037,28,768
2516,38207,166,4512
2517,38008,1132,1087
2518,48393,920,415
2519,36685,506,6319
2520,40675,312,2572
2521,59201,7,112
2522,51401,108,674
2523,48246,630,1304
2524,59529,7,0
2525,54725,145,309
2526,41527,1381,455
2527,56522,528,47
2528,42986,114,4581
2529,34470,16,9412
2530,39759,1204,738
2531,49563,61,256
2532,54643,21,1295
2533,39479,66,3369
2534,38982,853,809
2535,50060,585,305
2536,59224,9,45
2537,41077,534,2644
2538,35465,780,1642
2539,26916,1347,3039
2540,56322,9,66
2541,43800,361,3641
2542,40694,139,5646
2543,58415,486,126
2544,53456,2871,75
2545,42209,3849,506
2546,59415,58,8
2547,49562,113,2128
2548,51048,1823,139
2549,50844,1423,275
2550,52618,0,3295
2551,32303,2,8775
2552,37167,176,1452
2553,50146,1011,176
2554,40915,1107,1765
2555,34075,358,1540
2556,29605,1055,1746
2557,56802,1,104
2558,39895,28,2856
2559,43939,318,3418
2560,46007,59,1430
2561,39380,679,645
2562,50221,51,108
2563,55461,1,1334
2564,39271,179,3863
2565,35767,699,2512
2566,57757,1464,0
2567,39982,4450,296
2568,55692,2680,117
2569,42683,198,1237
2570,54491,864,373
2571,42371,2266,843
2572,59415,85,0
2573,25714,117,8840
2574,28268,117,2315
2575,56233,13,50
2576,42449,817,2092
2577,40838,471,2729
2578,37608,1208,491
2579,50551,85,155
2580,55771,3,2892
2581,56248,30,536
2582,55190,31,1396
2583,39168,111,4275
2584,38975,301,1294
2585,49549,274,585
2586,37353,222,6946
2587,35390,613,2104
2588,27395,1513,3865
2589,55779,15,112
2590,39012,5074,93
2591,55394,290,604
2592,37459,1138,2306
2593,56758,72,908
2594,40134,603,1466
2595,56577,297,745
2596,52822,166,1719
2597,41204,244,305
2598,49915,76,143
2599,54332,77,792
2600,36788,280,4362
2601,36964,249,1553
2602,50118,503,524
2603,26576,43,5078
2604,41355,966,1705
2605,34258,106,1965
2606,26505,534,2677
2607,56596,10,77
2608,43006,252,5188
2609,43866,177,2740
2610,41155,97,597
2611,49645,26,198
2612,50518,5139,21
2613,47883,845,1796
2614,59362,10,26
2615,59355,7,21
2616,40107,432,824
2617,55792,391,186
2618,57670,39,899
2619,42564,4455,179
2620,50443,850,717
2621,40702,173,4912
2622,31078,245,3133
2623,27972,224,3261
2624,56125,17,108
2625,49649,88,2268
2626,44000,499,1576
2627,45019,44,1966
2628,38311,910,528
2629,50528,33,119
2630,55973,22,832
2631,39116,171,3603
2632,38162,1245,933
2633,48450,1028,358
2634,40936,657,2068
2635,39038,137,4209
2636,40910,428,2659
2637,59107,0,206
2638,51026,41,1049
2639,47389,352,2161
2640,59510,0,19
2641,41738,2183,244
2642,56528,705,41
2643,42088,144,5479
2644,35321,7,8561
2645,39218,389,1279
2646,49635,74,184
2647,57163,368,440
2648,54479,7,1459
2649,38949,23,3899
2650,38827,654,964
2651,50040,613,325
2652,41283,604,2438
2653,35666,833,1441
2654,27247,1374,2708
2655,56332,13,56
2656,45600,445,1841
2657,23976,3,22364
2658,55032,16,789
2659,57987,223,554
2660,53268,1217,263
2661,40904,1861,1811
2662,59393,27,30
2663,51120,2708,67
2664,50940,2069,179
2665,54208,2,1705
2666,33986,29,7092
2667,35084,117,3535
2668,50075,842,247
2669,43273,216,3076
2670,40189,728,2491
2671,33704,239,1911
2672,29306,885,2045
2673,56779,2,127
2674,43965,398,3392
2675,45952,61,1485
2676,39344,342,681
2677,50222,24,107
2678,56033,37,762
2679,39732,491,3402
2680,49374,238,2253
2681,36247,183,2032
2682,57211,311,350
2683,22210,8044,745
2684,56841,83,729
2685,31373,449,4407
2686,57530,128,533
2687,31171,329,6423
2688,39622,523,2677
2689,54006,77,1258
2690,59348,9,43
2691,35719,384,5218
2692,36390,228,4288
2693,52575,33,1570
2694,36937,1822,2200
2695,59267,18,210
2696,38504,1277,1991
2697,59283,8,224
2698,37144,3725,1430
2699,58965,0,569
2700,36407,1621,2117
2701,58748,8,648
2702,45250,2001,1019
2703,37539,606,6037
2704,59058,25,372
2705,46717,141,2318
2706,59319,8,168
2707,47041,874,1359
2708,54081,160,1796
2709,59353,39,54
2710,36472,245,2093
2711,58935,8,405
2712,35768,887,2336
2713,59480,13,29
2714,25201,87,3110
2715,52039,647,933
2716,59383,0,109
2717,52073,1423,506
2718,59039,0,278
2719,52954,227,1384
2720,59176,60,90
2721,54369,100,1835
2722,34717,2514,821
2723,53021,50,2239
2724,34299,2266,988
2725,59207,77,3
2726,52759,25,323
2727,37473,887,1703
2728,35283,414,2007
2729,59166,28,22
2730,53391,39,893
2731,36893,492,1863
2732,52733,516,993
2733,58742,17,149
2734,34282,3314,1208
2735,58425,20,189
2736,49024,54,2414
2737,37259,254,2302
2738,58442,69,44
2739,37853,473,1667
2740,58667,13,341
2741,37960,1116,1391
2742,59195,12,97
2743,35221,394,2964
2744,59141,13,26
2745,34925,113,3462
2746,59480,32,2
2747,34935,317,6712
2748,47384,374,1150
2749,37465,85,1669
2750,47634,320,1029
2751,42190,2764,1632
2752,59531,5,0
2753,34324,2440,2091
2754,54255,163,726
2755,37426,95,1381
2756,53845,473,498
2757,35586,272,1534
2758,39816,127,4156
2759,53130,1115,265
2760,35469,741,1724
2761,53961,868,134
2762,44937,192,1449
2763,42904,4365,775
2764,45118,350,1095
2765,47738,86,1646
2766,44182,313,1345
2767,48176,75,2304
2768,42946,206,2120
2769,55396,150,323
2770,36969,1031,1064
2771,58993,5,538
2772,47349,111,1297
2773,42363,319,3783
2774,48013,11,1406
2775,41445,141,3620
2776,49627,98,574
2777,40206,1125,2320
2778,49069,436,796
2779,43662,499,2345
2780,38578,817,1768
2781,57076,77,485
2782,22503,9244,452
2783,57082,152,488
2784,32383,899,3397
2785,57811,246,252
2786,32616,539,4978
2787,39181,427,3118
2788,53805,55,1459
2789,59342,5,49
2790,52327,60,1818
2791,28909,357,3322
2792,37045,1788,2092
2793,59157,9,320
2794,37689,1267,2806
2795,59214,6,293
2796,36798,3261,1776
2797,59103,0,431
2798,36867,1829,1657
2799,58693,4,703
2800,45390,2209,879
2801,58849,29,581
2802,40848,60,4030
2803,59436,8,8
2804,46246,25,2789
2805,59485,11,2
2806,47268,1080,1132
2807,54046,82,1831
2808,59366,47,41
2809,36252,255,2313
2810,58922,3,418
2811,35241,867,2863
2812,59482,13,27
2813,52138,698,834
2814,51018,362,1019
2815,59439,1,53
2816,52164,1500,415
2817,59190,21,127
2818,52814,119,1524
2819,59222,106,44
2820,54273,85,1931
2821,34662,2328,876
2822,53029,54,2231
2823,34216,2123,1071
2824,52724,20,358
2825,34888,457,5693
2826,37325,798,1851
2827,35118,361,2172
2828,59180,36,8
2829,53192,33,1092
2830,36620,468,2136
2831,53009,662,717
2832,58740,18,151
2833,34156,3275,1334
2834,58436,21,178
2835,37054,232,2507
2836,43067,212,834
2837,58433,67,53
2838,37845,437,1675
2839,58637,7,371
2840,37990,1137,1361
2841,49563,1,2769
2842,46902,55,1890
2843,39664,216,1576
2844,53072,47,1176
2845,51659,108,912
2846,43276,203,1745
2847,30090,186,3401
2848,42537,44,1183
2849,56251,29,112
2850,51471,224,1581
2851,45925,1547,1341
2852,55196,163,201
2853,50853,44,362
2854,56678,325,308
2855,49563,183,1971
2856,41039,120,1027
2857,45180,817,994
2858,42414,58,2430
2859,51152,1895,1308
2860,53846,257,421
2861,52965,184,934
2862,42803,227,943
2863,44347,543,1569
2864,55980,56,194
2865,50786,89,1827
2866,49018,120,1394
2867,48374,856,304
2868,51198,40,106
2869,40043,179,3818
2870,49402,16,3971
2871,45852,34,3121
2872,43798,274,941
2873,53959,72,1515
2874,50565,317,921
2875,43351,343,1176
2876,42003,62,662
2877,57154,10,102
2878,44413,1164,5061
2879,49734,197,2205
2880,56680,11,834
2881,54017,274,548
2882,51869,1040,339
2883,42725,289,1499
2884,52867,42,1607
2885,48394,67,1389
2886,48215,171,1400
2887,51228,591,399
2888,52921,40,1180
2889,51805,28,1209
2890,42360,208,2164
2891,36451,8,8355
2892,41512,43,948
2893,57110,20,67
2894,51388,172,2341
2895,46620,40,2396
2896,53494,63,560
2897,49236,163,116
2898,56405,19,885
2899,48616,465,1809
2900,41517,71,977
2901,54664,108,240
2902,25567,70,2326
2903,47315,2976,1415
2904,41564,350,1296
2905,50920,1066,855
2906,48273,532,1263
2907,44405,365,2596
2908,56840,44,375
2909,45137,399,1709
2910,56534,98,468
2911,48015,417,708
2912,51781,52,154
2913,55397,31,885
2914,40961,104,2088
2915,49246,3,2217
2916,45683,37,2662
2917,42670,143,1272
2918,52743,62,1563
2919,51749,86,1078
2920,45401,128,1908
2921,43491,28,1971
2922,55661,26,75
2923,48768,1106,1708
2924,49740,180,1629
2925,56969,6,1694
2926,53238,303,361
2927,50217,19,175
2928,49044,487,1185
2929,42548,742,2193
2930,55600,112,1134
2931,45514,254,1165
2932,50265,657,1366
2933,47065,410,5534
2934,53521,234,1114
2935,41791,83,1954
2936,36625,627,4312
2937,39191,79,1260
2938,57768,10,131
2939,50129,111,3325
2940,47111,185,1449
2941,49539,106,583
2942,50102,60,180
2943,53776,56,1152
2944,47328,197,2560
2945,44434,200,1184
2946,54848,44,1204
2947,41804,85,3074
2948,50373,86,2658
2949,44065,181,2204
2950,45854,39,1169
2951,56283,2,118
2952,44064,1181,1846
2953,49251,686,1735
2954,44205,464,1459
2955,54403,74,1391
2956,53868,91,488
2957,51070,276,1168
2958,55506,66,776
2959,49756,10,2576
2960,47155,63,1637
2961,39843,281,1397
2962,53348,71,900
2963,51736,161,835
2964,43154,170,1867
2965,42385,63,1335
2966,56276,31,87
2967,51516,232,1536
2968,45859,1442,1407
2969,41022,685,4167
2970,55134,89,263
2971,50827,48,388
2972,56597,248,389
2973,49353,182,2181
2974,40759,69,1307
2975,45203,865,971
2976,51203,1947,1257
2977,53770,269,497
2978,53027,207,872
2979,43015,331,731
2980,29380,283,3609
2981,44795,636,1121
2982,56034,92,140
2983,50877,139,1736
2984,49033,141,1379
2985,48276,229,402
2986,51255,57,49
2987,49568,17,3805
2988,45626,31,3347
2989,43853,464,886
2990,54018,76,1456
2991,41440,149,2606
2992,50358,225,1128
2993,43102,182,1425
2994,41943,47,722
2995,57152,9,104
2996,47278,1841,2196
2997,50415,246,1524
2998,54038,383,527
2999,51912,1135,296
3000,42989,375,1235
3001,52898,46,1576
3002,57464,194,540
3003,48323,54,1460
3004,48110,175,1505
3005,51213,547,414
3006,52794,34,1307
3007,51340,10,1674
3008,42159,171,2365
3009,41418,47,1042
3010,57115,28,62
3011,51327,169,2402
3012,46780,87,2236
3013,54752,277,461
3014,53521,70,533
3015,49214,162,138
3016,56435,25,855
3017,48570,532,1855
3018,41550,98,944
3019,54658,117,246
3020,47008,2811,1722
3021,41684,326,1176
3022,50776,1089,999
3023,47716,360,1820
3024,41135,756,4054
3025,42913,590,2887
3026,44285,320,2716
3027,56791,33,424
3028,44870,343,1976
3029,56507,81,495
3030,56774,550,427
3031,54967,170,234
3032,36228,1251,642
3033,53712,1,3344
3034,34355,1076,584
3035,34459,3313,702
3036,50362,194,1601
3037,41912,614,1551
3038,48823,1173,1573
3039,33269,763,3708
3040,57045,1000,44
3041,59022,35,390
3042,43539,1821,342
3043,53752,770,319
3044,36370,602,8775
3045,53296,17,524
3046,36500,1259,5100
3047,35547,353,4404
3048,53141,76,3469
3049,42360,1043,4594
3050,50310,501,1210
3051,38116,2620,1193
3052,45112,1063,2356
3053,31126,957,5483
3054,56922,751,250
3055,58691,43,616
3056,43986,1559,1547
3057,54017,4,3947
3058,43136,50,1118
3059,33744,2020,772
3060,35832,551,1321
3061,44849,492,1456
3062,48627,259,1948
3063,43585,870,1077
3064,46724,1299,1048
3065,44625,104,1286
3066,49400,229,1190
3067,35817,402,4184
3068,42279,996,649
3069,56546,48,702
3070,57700,50,1052
3071,42625,1063,863
3072,53167,0,2140
3073,33932,675,1109
3074,37249,514,1388
3075,44712,164,1467
3076,48180,433,925
3077,32248,1377,2156
3078,57583,349,173
3079,58626,0,902
3080,59263,47,0
3081,44800,261,3551
3082,58592,11,804
3083,46724,63,3836
3084,58151,2,1282
3085,41443,1660,1555
3086,27440,1680,4223
3087,59486,11,39
3088,33279,3481,1989
3089,36775,2600,2641
3090,46796,480,2097
3091,49901,328,1357
3092,32289,1077,5692
3093,56688,581,175
3094,59089,11,334
3095,44651,1014,1108
3096,53509,128,251
3097,31597,2541,1057
3098,35365,504,2036
3099,59390,0,84
3100,33781,2432,1683
3101,59248,22,200
3102,40995,42,3292
3103,36505,221,2676
3104,39241,2156,1011
3105,56716,1256,2
3106,33332,2435,1932
3107,55407,743,1458
3108,57973,18,1115
3109,43259,177,1653
3110,53882,32,1980
3111,30012,5223,350
3112,37056,217,2045
3113,57383,185,612
3114,43905,333,1199
3115,47605,648,488
3116,34591,352,4597
3117,57944,285,152
3118,26279,1420,3887
3119,57637,143,325
3120,29703,246,9461
3121,56219,345,982
3122,54893,72,308
3123,36177,1362,693
3124,36514,472,4043
3125,53347,2,3709
3126,34300,1013,639
3127,34394,3294,767
3128,42035,642,1428
3129,47733,388,2663
3130,31262,501,5715
3131,56312,335,777
3132,59142,38,270
3133,43563,1774,318
3134,53796,531,275
