# Stats for class 2
0,7010,3972,743
1,743,371,0
2,8939,4118,1256
3,4383,4057,1216
4,4793,260,725
5,407,5205,43
6,4201,2359,1036
7,7549,2053,1901
8,842,77,153
9,0,2652,0
10,1080,2079,269
11,8141,801,781
12,3069,493,404
13,1493,1583,155
14,3471,301,98
15,2031,3748,485
16,16928,1686,1918
17,5023,708,676
18,772,6226,594
19,4799,2365,897
20,13583,3625,1528
21,3707,221,140
22,918,5458,221
23,1664,2552,1437
24,10005,1051,673
25,6855,5985,658
26,5945,701,527
27,2493,720,881
28,3478,4054,715
29,17410,1936,1794
30,2365,279,222
31,1264,693,4942
32,5149,1573,1296
33,7920,1219,1621
34,551,103,129
35,522,1540,90
36,2814,1503,507
37,1664,1504,168
38,11316,1376,1483
39,4888,514,297
40,2150,1157,352
41,2114,4483,274
42,17417,1617,2612
43,4321,766,691
44,1299,5682,532
45,4579,2177,772
46,13228,2475,1146
47,7563,4479,1442
48,3934,180,277
49,1194,4767,772
50,1972,2805,409
51,10807,1045,1840
52,5655,567,714
53,2621,3123,179
54,1601,3734,546
55,8704,2076,1584
56,2617,279,518
57,687,954,140
58,5351,3463,330
59,4459,2380,2841
60,6919,1361,1113
61,807,75,202
62,2586,1140,1408
63,1640,2418,351
64,10879,1087,1788
65,4391,942,270
66,2531,1697,215
67,6285,2777,1683
68,16810,2649,1645
69,8553,4529,1124
70,3955,796,369
71,2800,4157,1023
72,3552,2020,584
73,13261,1822,1481
74,3984,116,460
75,439,3612,103
76,2534,2500,300
77,6942,1310,958
78,3240,480,358
79,3711,1696,350
80,5154,3412,1057
81,2090,2276,464
82,9253,1002,1825
83,3236,465,281
84,1147,919,252
85,3086,3152,495
86,2458,2087,299
87,8011,1792,848
88,3496,1095,423
89,548,774,118
90,2617,2629,401
91,0,2618,0
92,4762,1141,998
93,2760,40,222
94,276,424,151
95,2549,2243,1457
96,2520,566,410
97,3527,420,462
98,931,587,523
99,489,1640,329
100,7287,2166,611
101,3875,1753,1914
102,2410,10067,376
103,1855,470,2463
104,489,751,763
105,2226,603,506
106,4246,1933,742
107,2945,2577,656
108,694,502,306
109,1123,1338,112
110,1313,2235,107
111,7749,665,1184
112,4129,509,257
113,4709,3448,791
114,11017,5468,538
115,732,4829,45
116,1393,3336,62
117,7352,1184,925
118,2113,1353,293
119,1736,1367,221
120,4049,2506,950
121,5519,1089,1097
122,1618,59,263
123,189,3931,2270
124,535,2336,325
125,12658,3693,883
126,852,545,644
127,3190,636,1291
128,3827,2066,1001
129,326,2018,56
130,3030,1389,480
131,3494,1474,565
132,1533,1294,239
133,3704,880,350
134,607,1574,3
135,3044,2773,771
136,0,4,0
137,5650,1306,902
138,2132,23,109
139,16,1485,232
140,2097,3327,148
141,4198,498,500
142,4579,668,463
143,685,953,35
144,1333,1259,865
145,7641,1928,1069
146,2785,234,396
147,2427,3341,64
148,463,1022,4395
149,5945,1492,1217
150,2047,467,1553
151,2702,1131,1302
152,1700,4081,534
153,154,809,34
154,3405,2743,598
155,124,692,119
156,8385,944,390
157,3772,378,328
158,5016,2596,1300
159,3172,3152,403
160,1635,3096,361
161,7886,1645,797
162,2761,1688,292
163,407,879,50
164,4032,1529,1168
165,3381,1586,771
166,2654,66,331
167,183,512,1585
168,1806,1561,518
169,509,796,161
170,2656,1789,618
171,4674,348,273
172,2910,1421,630
173,4380,2083,1332
174,697,373,424
175,4986,2074,537
176,1060,1904,300
177,880,5559,828
178,949,2290,161
179,4870,2051,1017
180,9579,2719,847
181,6310,1373,921
182,1326,104,100
183,0,1607,5
184,2345,2175,600
185,5756,1124,640
186,4767,519,328
187,1232,1713,63
188,1613,2045,209
189,6406,1593,935
190,1621,685,234
191,5651,2480,509
192,504,2050,139
193,2357,2922,636
194,2553,988,603
195,2381,111,192
196,5813,1754,1473
197,2196,1743,869
198,4235,2044,838
199,1163,738,206
200,706,778,160
201,1604,1490,1029
202,8622,5467,983
203,3227,3373,354
204,2529,2269,228
205,8210,1975,649
206,3506,1123,413
207,555,858,111
208,2588,2747,430
209,4918,1237,842
210,2827,30,155
211,285,1378,142
212,2585,2426,1421
213,5279,2771,906
214,2496,534,434
215,3447,367,542
216,950,605,504
217,630,2077,188
218,7622,3241,276
219,4461,1748,1328
220,2279,616,2039
221,656,891,596
222,2368,833,364
223,4095,1664,893
224,81,209,438
225,205,1415,413
226,2902,2642,699
227,809,492,191
228,1135,1069,100
229,1286,1957,134
230,8198,599,735
231,4104,508,282
232,737,4835,40
233,1406,3314,49
234,7292,1160,985
235,2077,1293,329
236,3915,340,192
237,1804,1582,153
238,4299,2744,700
239,5603,1207,1013
240,1663,61,218
241,0,125,2459
242,540,2102,320
243,829,544,667
244,3220,565,1261
245,3783,2102,1045
246,340,2117,42
247,1883,2883,486
248,3055,1377,455
249,3547,1543,512
250,1531,1356,241
251,3720,944,334
252,586,1271,24
253,2941,2562,874
254,5496,1183,1056
255,2105,18,136
256,54,1297,194
257,2126,3196,119
258,715,1893,239
259,4098,477,600
260,4529,665,513
261,682,907,38
262,1252,1219,946
263,7912,2253,798
264,2800,295,381
265,614,1247,4244
266,5912,1585,1250
267,1734,379,1866
268,2899,1499,1105
269,51,68,19
270,1713,3903,521
271,151,842,37
272,3437,2921,566
273,96,661,147
274,5074,6216,545
275,283,820,147
276,142,413,60
277,595,1511,94
278,25,112,15
279,2838,3457,339
280,5117,3359,1107
281,788,2038,126
282,0,42,0
283,2062,3314,524
284,611,533,168
285,2815,4528,489
286,230,397,33
287,3208,2687,941
288,89,1493,112
289,3087,2668,961
290,185,404,246
291,4374,1090,518
292,0,145,0
293,1706,2009,347
294,2312,5666,1212
295,2323,1497,463
296,1038,1777,468
297,4504,2808,442
298,659,1099,576
299,3807,2689,447
300,788,1357,231
301,4,115,0
302,0,54,0
303,3692,2919,735
304,3023,957,393
305,102,248,28
306,2914,1641,175
307,0,1519,0
308,3463,1538,483
309,0,5285,19
310,2374,1479,208
311,8,161,47
312,1523,4611,262
313,1563,1755,752
314,672,409,2508
315,2619,6849,4712
316,125,196,440
317,263,446,78
318,1205,1329,486
319,100,436,14
320,541,1076,176
321,476,929,214
322,2978,2171,247
323,2995,1089,443
324,5031,3296,1487
325,11,180,0
326,5208,2643,735
327,0,1,0
328,5979,2077,937
329,0,0,0
330,4655,2250,1154
331,0,5,0
332,4221,5156,703
333,950,1655,182
334,6,41,12
335,3541,295,366
336,4403,2291,393
337,1642,2570,1044
338,55,169,345
339,4211,3544,1227
340,305,931,170
341,3276,3389,424
342,665,883,240
343,61,71,16
344,685,1067,450
345,711,1119,177
346,2459,2134,292
347,132,140,56
348,2829,1758,194
349,2111,1953,393
350,3418,2380,394
351,3537,1408,330
352,2584,1698,276
353,3718,1442,492
354,1059,2761,198
355,0,4,0
356,3613,7281,2493
357,1378,3646,1041
358,442,185,271
359,2906,2960,1220
360,211,540,168
361,4043,3142,768
362,550,1191,92
363,4,161,35
364,1179,4133,199
365,244,769,35
366,28,8,0
367,1147,1039,912
368,960,1270,212
369,3432,2470,865
370,1746,2065,405
371,1244,2233,265
372,1512,2567,428
373,2060,4165,565
374,1980,1419,521
375,811,1393,302
376,3215,3137,444
377,1468,1394,871
378,5137,6005,482
379,278,820,152
380,2088,2952,800
381,136,496,66
382,506,1665,183
383,33,231,7
384,2769,4561,408
385,801,1878,113
386,0,67,0
387,2080,3263,506
388,624,492,155
389,2826,4282,478
390,229,351,34
391,826,602,406
392,3111,2940,1038
393,84,1625,117
394,3027,2738,1021
395,130,409,301
396,0,179,0
397,1702,2030,351
398,2282,6445,1242
399,2320,1473,466
400,1056,1979,450
401,4507,2478,439
402,3,362,1
403,661,1192,574
404,3807,2584,447
405,783,1393,236
406,4,92,0
407,3692,2834,735
408,3086,994,330
409,98,294,32
410,2947,1694,142
411,0,1190,0
412,3445,1579,501
413,2830,4257,1063
414,0,5212,19
415,2334,1388,248
416,8,165,47
417,1464,4116,321
418,730,383,2450
419,2803,6998,4528
420,135,252,430
421,257,508,84
422,1204,1451,487
423,94,333,20
424,167,435,129
425,550,1120,167
426,479,1081,211
427,2982,2106,243
428,3035,1190,403
429,9,204,2
430,5284,2408,659
431,0,19,0
432,6090,1791,826
433,0,0,0
434,4654,2202,1155
435,94,283,75
436,0,37,0
437,4205,5385,719
438,970,2243,162
439,3,12,15
440,1384,1951,1302
441,932,1281,97
442,4848,4129,752
443,13615,2216,1205
444,5211,374,1147
445,9286,3183,946
446,6730,4613,663
447,2970,1861,1119
448,4972,2376,1371
449,9112,2905,1863
450,2431,76,371
451,3191,1792,626
452,3168,1910,408
453,9641,598,1889
454,5166,291,775
455,1853,1335,331
456,2960,3383,412
457,15710,1900,1378
458,18,26,22
459,3865,343,1264
460,2992,5148,800
461,4622,1719,1040
462,13336,2006,2008
463,3219,119,297
464,2048,2715,530
465,1729,2716,132
466,9887,935,1130
467,3356,1088,405
468,1465,1022,203
469,68,493,96
470,5376,4564,330
471,13717,2726,1225
472,3997,944,765
473,6620,4352,767
474,5672,1773,1799
475,10458,2934,1628
476,2372,149,311
477,2654,1850,568
478,2376,2330,399
479,10386,514,981
480,2609,3066,637
481,4906,669,619
482,1770,1585,161
483,2242,5242,116
484,15935,1631,1063
485,4282,378,267
486,1613,6764,203
487,3501,2336,628
488,13640,1776,1839
489,2981,119,236
490,2822,2871,234
491,1525,1343,787
492,3433,1976,275
493,10758,763,1080
494,2856,1508,298
495,1033,1411,144
496,4536,5672,320
497,15065,2673,837
498,3987,675,732
499,6847,4048,630
500,7317,1587,1196
501,10938,3017,1423
502,2511,2442,956
503,2640,51,358
504,1789,1392,1425
505,2105,1967,640
506,9348,733,826
507,5252,715,470
508,1691,1958,431
509,2549,4112,325
510,16820,1384,1626
511,3638,409,670
512,2418,6729,339
513,5144,1691,719
514,4532,2950,1481
515,12845,2767,1421
516,1684,210,270
517,3851,1347,449
518,4953,1920,431
519,9040,832,1294
520,4044,1036,438
521,1369,1135,274
522,4688,4405,574
523,15726,2306,1412
524,53,586,15
525,3333,695,410
526,3721,5673,228
527,6608,2127,1041
528,11660,2602,1310
529,2750,57,461
530,2307,1653,1090
531,1547,2491,145
532,9668,409,1995
533,5598,479,493
534,2212,1453,341
535,185,92,178
536,2252,3344,342
537,17313,1321,1486
538,4607,644,783
539,7076,4653,308
540,3933,4363,670
541,9964,4092,1634
542,1326,588,206
543,2779,1351,1151
544,3284,2742,368
545,9523,428,1266
546,5654,1915,1100
547,4805,587,457
548,2672,724,319
549,3272,4672,232
550,16313,2163,1520
551,3449,697,313
552,3868,2796,1525
553,5466,2305,961
554,12442,2185,1496
555,3107,65,276
556,836,4063,150
557,3001,1233,216
558,2746,2654,553
559,2178,1874,474
560,11261,724,1771
561,4907,480,474
562,922,1263,107
563,5202,4133,398
564,13788,2421,1032
565,5034,549,1324
566,9388,2217,844
567,5234,2622,1109
568,10169,3394,806
569,593,902,183
570,2483,88,319
571,3193,2164,624
572,3219,2089,357
573,9612,420,1918
574,5037,264,904
575,1905,1513,279
576,2931,3914,441
577,15612,2031,1476
578,3717,296,1412
579,3259,5255,533
580,30,106,18
581,4502,1707,1160
582,13346,1847,1998
583,3202,120,314
584,2280,2828,298
585,1685,2625,176
586,10160,1288,857
587,3352,1094,409
588,1460,1043,208
589,5400,4705,306
590,13836,2690,1106
591,3564,2413,1522
592,4026,916,736
593,6833,5057,554
594,5661,1998,1810
595,10549,3185,1537
596,2406,147,277
597,2651,2100,571
598,2431,2599,344
599,10701,629,666
600,4868,627,657
601,1754,1528,177
602,1711,1289,201
603,2238,5288,120
604,15848,1555,1150
605,4105,236,444
606,1648,8779,168
607,3535,2484,594
608,13900,1962,1579
609,2947,133,270
610,2794,2199,262
611,3393,1831,315
612,10053,719,1785
613,15,95,7
614,2922,1588,232
615,1056,1454,121
616,4546,4529,310
617,14716,2681,1186
618,4135,692,584
619,6544,2582,933
620,7082,1348,1431
621,10596,2410,1765
622,2613,42,385
623,2072,1410,1142
624,908,1690,509
625,2146,1982,599
626,9474,838,700
627,5308,759,414
628,1629,1785,493
629,2584,3674,290
630,16902,1567,1544
631,3689,390,619
632,2408,6306,349
633,5221,3792,805
634,205,564,206
635,271,352,52
636,6911,5224,1230
637,3647,3557,1827
638,462,396,438
639,0,119,0
640,3436,2648,672
641,143,150,10
642,7715,1644,629
643,1645,3442,408
644,406,1020,237
645,57,62,7
646,4293,2559,957
647,6108,2019,541
648,4950,1070,744
649,29,80,72
650,1150,2110,244
651,6242,3070,1679
652,2249,1463,717
653,25,26,13
654,311,625,124
655,2998,3206,1174
656,2986,2263,645
657,783,1903,423
658,936,692,0
659,5814,3713,1035
660,534,599,248
661,53,329,232
662,3956,3579,570
663,193,569,51
664,7158,2925,858
665,4138,895,375
666,15,24,5
667,1111,1837,456
668,3680,1764,847
669,0,0,0
670,5727,1438,843
671,189,212,156
672,159,144,141
673,3081,3048,912
674,1801,2935,752
675,613,668,212
676,32,37,14
677,4049,3384,1130
678,1019,1176,200
679,15,55,126
680,7948,9976,398
681,3534,2166,330
682,134,1263,304
683,1982,2110,689
684,630,3110,469
685,6989,5071,423
686,317,797,70
687,251,195,252
688,5546,2968,478
689,189,1365,57
690,0,0,259
691,6526,2096,1169
692,4725,3493,1151
693,3232,2511,1097
694,427,431,322
695,59,75,36
696,2929,2777,864
697,3158,1631,331
698,120,42,81
699,1072,1595,704
700,6951,4017,773
701,1052,1391,252
702,262,136,184
703,60,714,655
704,123,478,244
705,1621,3167,787
706,0,40,0
707,110,521,335
708,2065,2256,438
709,925,2304,482
710,1914,3526,455
711,736,1888,218
712,55,67,15
713,5283,3304,941
714,7033,4477,948
715,4455,1216,437
716,0,82,0
717,1461,1776,854
718,5269,2603,1249
719,4338,2153,458
720,145,140,43
721,396,170,317
722,3351,2700,946
723,2014,2667,874
724,855,557,377
725,4342,4008,1257
726,2,201,2
727,2745,4835,1148
728,168,597,128
729,131,647,38
730,3160,2247,929
731,18,168,22
732,74,512,90
733,2632,3122,614
734,1592,1302,720
735,2480,2535,987
736,3469,302,100
737,5189,1742,674
738,50,615,18
739,170,124,193
740,5750,2013,1004
741,2722,2718,577
742,557,924,219
743,25,190,23
744,3609,2369,1477
745,1706,1283,206
746,15,93,7
747,6804,6459,709
748,925,1639,492
749,5223,3021,803
750,222,651,189
751,264,358,59
752,3643,3755,1831
753,506,487,394
754,0,12,0
755,3381,2425,727
756,149,131,4
757,7688,1555,656
758,2831,1545,490
759,1620,2992,433
760,400,1197,243
761,52,41,12
762,4172,2394,1078
763,4860,1050,834
764,28,58,73
765,1174,1976,220
766,6472,3726,1449
767,2255,1472,711
768,20,30,18
769,7494,4414,1511
770,265,606,170
771,2917,2771,1255
772,2961,2381,670
773,813,2084,393
774,6018,4407,831
775,583,964,199
776,50,400,235
777,3881,3548,645
778,183,644,61
779,302,1723,518
780,5369,2992,312
781,3228,994,69
782,13346,2253,1480
783,896,3362,129
784,14352,2410,1047
785,7242,1956,3827
786,5652,2130,1348
787,2357,2924,347
788,3423,2506,452
789,2842,2280,304
790,8395,6300,987
791,12455,3700,762
792,8427,4226,1250
793,47,504,349
794,9,96,0
795,3963,4111,661
796,75,15,22
797,3829,2428,332
798,96,113,13
799,6008,1122,1859
800,8807,5020,2295
801,3,0,15
802,6266,2271,3823
803,5083,3232,1128
804,6075,2166,3175
805,3569,1815,931
806,7618,5836,1333
807,60,115,766
808,6056,7339,543
809,236,666,508
810,71,37,41
811,6718,1716,2510
812,3415,983,422
813,4597,9887,659
814,0,1107,0
815,3907,661,312
816,8658,8454,865
817,776,4216,85
818,5781,5635,1425
819,4056,1153,383
820,6024,2353,3037
821,3851,1919,1702
822,6829,7487,1316
823,1,0,1149
824,187,18,41
825,2448,9505,338
826,5771,2872,2247
827,28,50,1
828,7026,1694,1331
829,3562,784,332
830,13718,2800,3117
831,7415,3090,1231
832,38,39,0
833,8571,3221,1584
834,0,293,0
835,5455,4186,748
836,10808,4008,747
837,5000,2250,2268
838,168,111,600
839,8977,5753,1965
840,188,595,1065
841,294,15,18
842,7104,1786,476
843,2030,1750,180
844,14913,1901,4854
845,69,4136,15
846,14703,4634,1283
847,12653,4208,888
848,6972,3096,862
849,4183,2001,1047
850,2521,3983,174
851,3680,2816,1179
852,4318,2124,577
853,3637,2931,617
854,2607,2826,94
855,7626,5538,1155
856,6944,815,1786
857,586,406,45
858,0,0,0
859,7064,1230,1536
860,2340,2211,194
861,15330,1876,1772
862,7794,2766,824
863,0,19,0
864,6251,3820,541
865,4332,2376,821
866,3408,2179,335
867,6264,7991,378
868,18,1002,288
869,2399,3424,92
870,12471,3678,2255
871,0,160,0
872,4833,9597,576
873,286,2167,534
874,3166,803,131
875,13456,2232,1370
876,949,1940,76
877,14534,2521,865
878,7520,1984,3549
879,5479,1829,1521
880,4924,2984,1392
881,2106,2217,598
882,3418,2391,457
883,2789,1755,357
884,7916,4431,1466
885,22,184,374
886,9,46,0
887,4003,4534,621
888,74,13,23
889,3802,3201,359
890,97,54,12
891,408,300,262
892,5787,1033,2080
893,8285,4284,2817
894,4,0,14
895,6311,2410,3778
896,5901,1934,3349
897,3485,1349,1015
898,7174,4375,1777
899,0,0,826
900,5924,6439,675
901,241,660,503
902,4547,2771,539
903,9743,3711,683
904,67,40,45
905,7369,1743,1859
906,3442,992,395
907,4547,10061,709
908,3878,666,341
909,8690,8623,833
910,766,4116,95
911,5567,4742,1639
912,4039,744,400
913,5745,2203,3316
914,5683,3305,477
915,3904,1835,1649
916,6737,5462,1408
917,100,90,1050
918,176,8,52
919,5900,2928,2118
920,26,44,3
921,7062,1641,1295
922,3629,606,265
923,13000,2765,3835
924,7527,2969,1119
925,8723,6039,882
926,38,31,0
927,7638,2489,2517
928,0,313,0
929,5455,3864,748
930,3918,688,1210
931,955,1838,517
932,0,24,0
933,4435,2791,1266
934,489,167,507
935,1,126,344
936,5258,3041,927
937,1520,1382,3282
938,4767,1203,825
939,5666,6635,701
940,9356,5317,2531
941,11554,2777,1776
942,2062,241,248
943,4257,1292,1358
944,3687,1652,850
945,11504,811,2365
946,3509,865,216
947,178,1860,440
948,693,1144,43
949,4096,3336,735
950,12205,1333,2229
951,4929,456,1284
952,1467,5071,6292
953,4526,4213,481
954,0,152,0
955,2611,1564,313
956,2138,1638,811
957,0,3,0
958,3814,224,293
959,4407,2009,1304
960,181,357,150
961,3435,8183,606
962,5509,16151,1853
963,10358,1458,1509
964,3759,753,291
965,1250,1184,184
966,4132,2886,754
967,11920,861,1856
968,4361,412,581
969,0,0,0
970,7330,2922,1184
971,6629,2721,1631
972,12750,3596,2334
973,2204,225,189
974,3389,8598,985
975,4201,10188,1034
976,0,123,0
977,1791,1079,1757
978,3345,2572,2312
979,0,8,0
980,2941,1778,173
981,2524,798,1725
982,336,319,1110
983,1073,3614,278
984,3346,13704,2259
985,14143,1545,1042
986,4425,538,1429
987,8254,3149,890
988,9157,2430,1877
989,12180,2128,2027
990,1421,251,248
991,4458,3626,594
992,3252,2396,1176
993,4443,1575,489
994,11578,1261,806
995,3970,563,594
996,1008,1050,86
997,4165,6883,705
998,11872,4293,2540
999,226,189,1057
1000,2401,2468,3748
1001,89,405,1880
1002,6121,1367,898
1003,1607,1133,667
1004,4332,2832,955
1005,0,30,0
1006,7835,8119,3521
1007,12324,2320,2055
1008,2150,238,152
1009,5309,1585,1501
1010,6039,2222,1012
1011,12162,618,2722
1012,3316,538,412
1013,0,2157,0
1014,1536,396,0
1015,836,1003,127
1016,4250,2916,725
1017,11106,1669,1520
1018,4194,1075,674
1019,6095,7631,392
1020,6910,2911,1785
1021,12150,4477,2184
1022,2413,83,432
1023,2811,1536,5133
1024,317,791,191
1025,12086,3998,1640
1026,1229,735,164
1027,4576,2478,1167
1028,0,138,66
1029,1871,2351,436
1030,9871,928,958
1031,3672,655,501
1032,1661,1271,248
1033,4640,3058,856
1034,13676,1521,929
1035,4422,581,794
1036,9610,6717,861
1037,7210,2106,1108
1038,8938,2285,1636
1039,13868,2639,2334
1040,1809,187,145
1041,3009,7063,341
1042,4114,2885,566
1043,10235,806,991
1044,4255,469,643
1045,923,229,4205
1046,1022,1991,450
1047,0,0,0
1048,0,19,0
1049,4415,2728,1286
1050,786,295,210
1051,280,747,65
1052,763,1228,4039
1053,4473,643,1119
1054,5748,5299,619
1055,10023,3877,1864
1056,11531,4022,1799
1057,2131,243,179
1058,3464,1812,235
1059,4537,1233,1078
1060,3837,1840,700
1061,11710,753,2159
1062,3440,764,285
1063,663,1065,73
1064,4333,4231,498
1065,12261,1088,2173
1066,4865,405,1348
1067,6815,3968,944
1068,4521,4458,486
1069,5236,2832,1287
1070,0,211,0
1071,2536,1675,388
1072,2224,2010,725
1073,0,15,0
1074,3878,1737,1833
1075,99,179,232
1076,3478,7868,563
1077,6002,14071,1360
1078,10968,3213,899
1079,3794,753,256
1080,211,418,681
1081,1276,1312,158
1082,4130,3148,756
1083,11981,921,1795
1084,4491,473,451
1085,7090,2442,1424
1086,6508,2602,1752
1087,12569,3065,2515
1088,2180,214,213
1089,3614,2374,760
1090,3124,15810,2111
1091,3119,976,79
1092,0,257,0
1093,2888,1299,660
1094,4347,3654,1310
1095,0,35,0
1096,2321,710,1928
1097,199,192,1247
1098,1149,2668,202
1099,3992,12157,1613
1100,13613,6877,1572
1101,4595,469,1259
1102,6149,5051,1071
1103,7804,2294,1340
1104,9023,2421,2011
1105,12039,1909,2168
1106,1373,232,296
1107,3562,2574,866
1108,4398,1487,534
1109,10836,1240,1548
1110,4008,581,556
1111,992,769,102
1112,3952,2191,918
1113,3908,1534,258
1114,13389,2083,1023
1115,65,335,225
1116,13015,2260,9203
1117,278,713,123
1118,7453,5830,1415
1119,91,268,150
1120,4717,7916,748
1121,6163,4359,555
1122,2527,1932,310
1123,38,38,26
1124,5896,5478,577
1125,7564,5067,829
1126,3991,1573,302
1127,7940,3499,2499
1128,0,8,0
1129,7571,2921,1411
1130,0,3,0
1131,5041,3051,4615
1132,0,22,0
1133,7247,3170,2181
1134,0,28,0
1135,5778,1126,2597
1136,9042,7912,1239
1137,36,14,56
1138,5364,2288,512
1139,33,5,11
1140,5197,1539,1236
1141,1799,1621,811
1142,0,22,0
1143,5614,3811,786
1144,177,478,19
1145,5220,3723,1556
1146,0,6,0
1147,12013,4071,1968
1148,3712,1709,780
1149,0,58,0
1150,3108,350,2507
1151,0,201,0
1152,2556,1318,744
1153,56,51,36
1154,1191,2771,58
1155,11872,2995,2963
1156,2384,2616,290
1157,11119,4054,2593
1158,0,0,0
1159,4619,700,235
1160,9503,3596,1122
1161,7345,2793,837
1162,217,5,131
1163,1054,1290,207
1164,8425,3114,1505
1165,762,1355,680
1166,623,313,22
1167,5092,3403,3250
1168,764,182,158
1169,3249,2851,89
1170,4847,3765,808
1171,910,116,58
1172,3973,4286,806
1173,342,558,3
1174,3590,3048,1370
1175,231,100,13
1176,6834,3639,1053
1177,359,36,10
1178,5877,5101,566
1179,0,0,54
1180,6007,8483,612
1181,3484,2282,513
1182,7917,3321,1185
1183,5746,2039,355
1184,1411,2376,2897
1185,0,0,0
1186,8620,3485,3255
1187,433,1066,312
1188,7800,4090,883
1189,641,1382,341
1190,6703,4728,1477
1191,6026,4947,858
1192,1141,1377,1184
1193,6495,4598,1258
1194,1486,627,406
1195,3456,3218,664
1196,5068,1865,4061
1197,3275,3028,617
1198,3105,2606,180
1199,3961,2479,873
1200,3673,3386,351
1201,1756,2480,1527
1202,2401,343,88
1203,10123,2204,1298
1204,0,0,0
1205,5820,1806,598
1206,1485,2602,1249
1207,5380,1604,375
1208,2354,3210,1354
1209,4112,975,762
1210,4097,3159,2479
1211,4523,1052,853
1212,2507,2390,809
1213,12101,2796,1325
1214,3,46,287
1215,12289,2182,9929
1216,166,179,235
1217,7443,5268,1425
1218,5,73,236
1219,4559,9019,906
1220,6242,4444,476
1221,2502,1833,335
1222,35,23,29
1223,3927,1933,366
1224,8890,5532,1031
1225,8009,3064,2430
1226,0,4,0
1227,7651,3328,1331
1228,0,1,0
1229,5153,3163,4503
1230,0,17,0
1231,6797,2617,2631
1232,0,18,0
1233,5688,1068,2687
1234,35,43,57
1235,4859,4773,507
1236,0,0,0
1237,5386,2722,490
1238,32,4,12
1239,5058,1401,1375
1240,1734,1524,876
1241,0,25,0
1242,5560,3774,840
1243,178,442,18
1244,5211,3752,1565
1245,0,8,0
1246,3673,1499,819
1247,3347,900,329
1248,0,20,0
1249,3149,336,2466
1250,0,134,0
1251,2827,1275,473
1252,29,21,63
1253,1006,2230,243
1254,12639,2913,2196
1255,2368,2547,306
1256,11556,4298,2156
1257,4590,651,264
1258,7389,6592,1126
1259,9616,4162,1009
1260,7363,3923,819
1261,261,4,87
1262,1024,1175,237
1263,8475,3392,1455
1264,760,1234,682
1265,635,183,10
1266,5031,3434,3311
1267,853,272,69
1268,4891,3853,764
1269,5835,2073,669
1270,908,133,60
1271,3787,3587,992
1272,343,553,2
1273,3570,2866,1390
1274,2564,1842,187
1275,3518,1989,345
1276,1196,1758,203
1277,5667,2481,1057
1278,704,187,213
1279,764,487,138
1280,8048,5368,946
1281,1525,414,103
1282,4348,2058,587
1283,5775,2147,671
1284,1352,2797,226
1285,407,70,328
1286,3059,1957,527
1287,1785,2424,498
1288,3760,2664,741
1289,951,358,93
1290,6247,3917,1192
1291,4011,3627,258
1292,857,970,80
1293,39,59,10
1294,5379,2527,482
1295,2703,1970,1051
1296,6361,2235,626
1297,4255,1291,554
1298,2731,2127,474
1299,571,607,137
1300,3291,2047,382
1301,2234,1084,664
1302,7105,4313,648
1303,0,0,168
1304,3687,2645,274
1305,2904,1477,563
1306,3335,2757,365
1307,1134,297,179
1308,5342,3222,1278
1309,581,62,72
1310,309,164,121
1311,1681,878,201
1312,1676,4710,324
1313,743,412,0
1314,2837,4272,326
1315,1085,1235,224
1316,6185,4885,1308
1317,1754,727,367
1318,6930,3702,1290
1319,2835,965,387
1320,737,578,125
1321,1713,1724,188
1322,2681,1709,493
1323,4583,2171,1052
1324,7976,10281,370
1325,567,365,89
1326,6626,2834,749
1327,1067,2941,251
1328,537,281,162
1329,1527,447,235
1330,1871,3747,205
1331,2170,3008,228
1332,2542,960,329
1333,444,348,143
1334,5379,2140,422
1335,12448,4045,769
1336,1950,1805,300
1337,1958,1647,336
1338,1954,598,283
1339,3676,5204,706
1340,1488,1062,417
1341,5691,3808,432
1342,729,953,67
1343,924,1453,147
1344,693,3745,27
1345,2860,1988,299
1346,2479,739,33
1347,4495,3001,591
1348,1047,627,162
1349,2979,1995,577
1350,3571,3072,354
1351,1721,1112,414
1352,32,19,644
1353,3458,1527,517
1354,1668,2037,241
1355,4071,2395,960
1356,1563,99,186
1357,6599,3459,889
1358,0,833,0
1359,431,171,15
1360,34,94,4
1361,2583,882,540
1362,1478,5010,809
1363,3087,1110,690
1364,625,581,163
1365,1582,1958,214
1366,80,302,21
1367,2804,3952,319
1368,528,568,223
1369,5684,5221,789
1370,1267,397,319
1371,3579,2619,313
1372,1046,3231,398
1373,4731,2288,577
1374,1135,180,99
1375,6323,2194,1129
1376,612,65,7
1377,1052,133,118
1378,2185,342,262
1379,521,5453,106
1380,4789,4159,577
1381,2017,2360,175
1382,1862,1435,219
1383,284,100,181
1384,4222,2782,645
1385,1365,3181,885
1386,1792,961,673
1387,2604,4373,584
1388,1216,1455,405
1389,2417,1754,334
1390,3521,2016,342
1391,2451,681,61
1392,1249,1849,150
1393,5790,2801,934
1394,724,279,193
1395,763,572,139
1396,1458,384,170
1397,4380,1900,555
1398,5553,2004,893
1399,1367,2331,211
1400,429,113,306
1401,3038,2050,548
1402,7081,5177,1096
1403,1867,3761,416
1404,3822,2935,679
1405,947,350,97
1406,6174,4025,1265
1407,823,1187,114
1408,37,52,12
1409,5398,2641,463
1410,2733,2080,1021
1411,6341,2072,646
1412,4258,1305,551
1413,8941,5091,1254
1414,2739,2194,466
1415,568,646,140
1416,3333,2074,340
1417,2143,1221,755
1418,0,0,168
1419,3685,2656,276
1420,2828,1363,639
1421,3274,2584,426
1422,1165,312,148
1423,5232,3262,1388
1424,4674,3795,826
1425,591,80,62
1426,290,145,140
1427,1665,879,217
1428,1615,4829,385
1429,2806,5004,357
1430,1071,1341,238
1431,6170,5868,1323
1432,1777,853,344
1433,7070,3751,1150
1434,2845,948,377
1435,36,91,483
1436,719,585,143
1437,1689,1662,212
1438,2700,1644,474
1439,4392,1363,1243
1440,558,342,98
1441,6590,2576,785
1442,1087,2859,231
1443,511,262,188
1444,1508,495,254
1445,1904,3462,172
1446,3202,253,705
1447,2179,2578,219
1448,2401,1045,470
1449,427,443,160
1450,5370,1877,431
1451,1903,1697,347
1452,1883,1832,411
1453,1904,649,333
1454,3699,5045,683
1455,1438,865,467
1456,5674,3965,449
1457,6948,4926,1229
1458,6551,4182,842
1459,742,977,54
1460,1505,1611,143
1461,2082,3520,434
1462,17018,1529,1828
1463,5145,731,554
1464,722,6021,644
1465,4732,2187,964
1466,13235,2596,1876
1467,3670,205,177
1468,708,4061,431
1469,3058,1461,159
1470,1655,2250,1446
1471,9720,1243,958
1472,5923,870,549
1473,2460,712,914
1474,3599,3440,594
1475,17630,1884,1574
1476,2312,243,275
1477,1429,669,4777
1478,5170,1657,1275
1479,7748,1164,1793
1480,6723,4644,1418
1481,555,92,125
1482,508,1529,104
1483,1611,1556,221
1484,10733,975,2066
1485,4841,469,344
1486,2067,1083,435
1487,2133,4690,255
1488,17865,1771,2164
1489,4438,762,574
1490,1287,6339,544
1491,6035,1548,614
1492,4637,2170,714
1493,13046,1993,1328
1494,3930,182,281
1495,1034,4224,932
1496,1989,2447,392
1497,10826,1046,1821
1498,5680,591,689
1499,2603,3186,197
1500,1615,3711,532
1501,8591,2270,1697
1502,935,645,1
1503,2669,253,466
1504,687,847,140
1505,4458,2371,2842
1506,6752,1234,1280
1507,751,82,258
1508,2658,2234,1336
1509,1594,2220,397
1510,11544,1144,1123
1511,4344,916,317
1512,2478,1426,268
1513,0,0,0
1514,5926,2522,2042
1515,16569,2506,1886
1516,3771,488,553
1517,3043,5619,780
1518,3547,2334,589
1519,13548,2201,1194
1520,4061,148,383
1521,421,3739,121
1522,2587,2563,247
1523,5954,1271,1946
1524,3559,2282,305
1525,3264,431,334
1526,3732,1649,329
1527,2096,2442,458
1528,9430,1040,1648
1529,3244,627,273
1530,1168,819,231
1531,4244,2308,1019
1532,12729,3140,2032
1533,2865,108,232
1534,532,3977,363
1535,4500,5041,1376
1536,1799,1952,230
1537,11580,1191,552
1538,5046,1153,375
1539,1464,2169,128
1540,3230,3722,1459
1541,16375,2474,1401
1542,4052,570,416
1543,3305,4685,965
1544,3694,2553,1922
1545,14429,1737,1582
1546,38,698,677
1547,3504,188,482
1548,301,1420,2339
1549,1537,2985,589
1550,8346,635,1411
1551,2869,366,386
1552,3668,2352,697
1553,2996,2166,373
1554,8668,1321,1357
1555,4420,633,693
1556,3969,2936,1111
1557,6868,5238,1113
1558,4000,1423,1323
1559,12528,3157,1628
1560,2945,269,208
1561,935,5010,272
1562,3969,1372,1169
1563,10583,1041,1477
1564,5684,894,327
1565,1813,1821,120
1566,3443,4583,303
1567,16157,3117,1502
