# Stats for class 0
0,5686,267,42
1,1267,223,12
2,11633,309,249
3,6276,100,138
4,5117,268,98
5,489,21,31
6,4628,136,35
7,198,2,47
8,2699,205,120
9,2983,239,21
10,6734,303,173
11,3452,349,70
12,9255,697,423
13,685,908,10
14,403,97,4
15,0,805,0
16,4094,125,94
17,85,2,81
18,4753,161,135
19,10688,248,354
20,4942,224,291
21,3736,116,113
22,5547,130,573
23,4600,298,37
24,5862,201,434
25,2733,76,185
26,3946,501,115
27,7558,285,301
28,5479,61,345
29,0,421,0
30,5017,126,212
31,289,13,52
32,4199,49,144
33,9807,100,755
34,5812,215,140
35,4188,148,686
36,3042,296,19
37,10334,149,393
38,999,487,1
39,0,390,0
40,3988,112,102
41,0,841,0
42,3706,140,175
43,0,1089,0
44,4029,121,150
45,3565,218,25
46,3099,87,337
47,7093,477,45
48,3696,512,72
49,1099,47,2
50,1845,446,40
51,2669,221,85
52,4380,83,242
53,2426,559,153
54,4214,50,728
55,0,0,0
56,2043,67,121
57,5411,228,145
58,6314,53,309
59,5592,670,131
60,1529,93,5
61,6158,362,188
62,1028,153,29
63,268,55,1
64,2194,260,54
65,6756,1041,243
66,2864,226,77
67,5651,506,66
68,5571,413,181
69,11422,448,228
70,770,204,23
71,3170,76,122
72,2733,873,577
73,0,0,0
74,2137,42,83
75,5791,187,268
76,7119,304,505
77,2044,107,14
78,5700,279,200
79,0,0,0
80,7741,273,148
81,1780,48,13
82,3662,235,28
83,5150,293,127
84,3774,148,100
85,3298,236,316
86,6144,515,71
87,1054,48,36
88,5817,314,124
89,1086,164,28
90,2578,284,38
91,717,199,7
92,3649,310,77
93,4247,234,27
94,7270,1349,238
95,1075,133,20
96,4685,209,113
97,920,8883,33
98,2187,258,63
99,3391,145,45
100,4862,254,109
101,2062,183,7
102,7983,311,84
103,3650,82,586
104,0,0,0
105,2303,139,72
106,6116,231,119
107,3423,472,186
108,1999,118,20
109,3945,205,150
110,3721,192,229
111,4103,233,98
112,3490,96,461
113,6514,284,93
114,2536,108,68
115,402,72,3
116,1160,40,36
117,5984,475,270
118,2473,160,69
119,4253,91,118
120,2419,87,151
121,4088,288,395
122,0,0,0
123,1903,46,92
124,5530,165,142
125,12469,348,276
126,5994,728,293
127,1998,39,31
128,6034,439,148
129,0,0,0
130,1107,68,31
131,3614,176,57
132,5169,260,298
133,3453,365,131
134,1855,272,31
135,4637,112,422
136,228,13,41
137,1468,173,77
138,3507,192,63
139,1636,119,4
140,2240,286,64
141,1387,56,50
142,5830,336,259
143,7504,395,587
144,1443,257,19
145,5085,282,152
146,0,5,0
147,3230,285,26
148,2182,251,23
149,3885,125,76
150,5222,217,117
151,1884,142,34
152,3237,142,341
153,0,47,0
154,2468,100,139
155,6501,438,137
156,3851,391,92
157,5203,528,211
158,6262,277,73
159,4062,237,158
160,4025,142,154
161,3567,235,23
162,3195,156,241
163,3693,552,75
164,1100,56,1
165,1855,501,30
166,2679,261,75
167,4384,67,238
168,2429,612,150
169,610,268,3
170,4220,53,722
171,0,0,0
172,2065,77,99
173,5410,216,146
174,5604,585,119
175,1527,83,7
176,6139,352,207
177,1032,223,25
178,268,56,1
179,2196,322,52
180,7424,495,55
181,6789,1122,210
182,2895,315,46
183,5635,426,82
184,5563,328,189
185,764,134,29
186,3161,48,131
187,2633,1056,677
188,0,0,0
189,2139,43,81
190,5797,160,262
191,6090,128,208
192,7053,306,571
193,2033,67,25
194,5742,353,158
195,0,0,0
196,1782,38,11
197,3661,252,29
198,5139,241,138
199,3759,131,115
200,3239,217,375
201,6141,504,74
202,11782,337,482
203,1042,43,48
204,5802,307,139
205,1085,105,29
206,2569,257,47
207,3627,189,99
208,4226,186,48
209,7262,1383,246
210,1076,157,19
211,4684,279,114
212,902,9982,51
213,6474,246,208
214,2177,252,73
215,3392,118,44
216,4896,386,75
217,2062,220,7
218,3613,116,623
219,0,0,0
220,2319,156,56
221,6091,195,144
222,3428,406,181
223,1997,88,22
224,635,673,0
225,703,501,0
226,3933,181,162
227,3720,188,230
228,4083,255,118
229,3492,82,459
230,3936,147,125
231,3652,304,16
232,3249,154,394
233,3389,670,56
234,1128,79,0
235,1876,282,42
236,0,43,0
237,2892,222,93
238,4089,69,381
239,2313,701,172
240,4210,179,886
241,0,0,0
242,2197,91,129
243,5333,237,141
244,5640,780,169
245,1295,85,9
246,6452,360,182
247,5439,209,422
248,1112,104,22
249,268,44,4
250,2198,380,47
251,6585,1124,304
252,2327,239,98
253,5109,540,76
254,5099,531,159
255,752,237,13
256,3567,106,124
257,2418,864,636
258,2555,63,838
259,0,0,0
260,1877,42,63
261,6615,211,318
262,6134,314,745
263,2329,137,15
264,5211,259,219
265,0,0,0
266,1919,35,21
267,3651,222,30
268,5280,283,141
269,1042,245,5
270,4144,124,115
271,3267,162,501
272,5815,628,60
273,857,36,34
274,5110,335,137
275,1267,156,18
276,2719,202,69
277,3781,433,87
278,4329,256,35
279,6734,1527,203
280,5389,532,55
281,1115,124,26
282,4537,257,73
283,649,7431,87
284,2083,303,54
285,3587,163,37
286,4692,195,375
287,1994,212,14
288,3688,52,684
289,0,0,0
290,2089,100,85
291,2396,244,48
292,5895,342,122
293,3303,413,207
294,2002,112,18
295,3805,200,173
296,3129,175,338
297,4904,256,108
298,3472,125,532
299,312,159,9
300,1187,36,50
301,5761,545,259
302,22,48,46
303,2403,126,96
304,3272,50,160
305,2541,123,133
306,4636,253,356
307,0,0,0
308,1878,44,95
309,5531,152,250
310,5709,796,352
311,2068,36,23
312,6200,382,189
313,3342,644,22
314,13,4,0
315,1206,28,46
316,3613,288,39
317,4906,269,383
318,3774,521,163
319,1590,315,24
320,4730,116,460
321,1525,187,58
322,3480,186,107
323,1617,171,5
324,5472,141,185
325,2156,170,97
326,1095,65,48
327,6508,310,365
328,7845,380,522
329,1665,227,37
330,4940,268,131
331,0,6,0
332,2368,279,27
333,4054,105,82
334,5113,230,280
335,0,173,0
336,2085,52,60
337,2510,139,27
338,3309,139,399
339,0,104,0
340,2809,80,158
341,6556,551,158
342,3381,421,67
343,5209,501,176
344,3858,255,148
345,3926,152,135
346,3653,311,15
347,1532,228,40
348,3350,224,293
349,3395,691,50
350,1128,78,0
351,1882,401,36
352,2895,249,90
353,4081,58,389
354,2306,688,179
355,4213,119,883
356,0,0,0
357,2208,87,118
358,0,0,0
359,5352,228,122
360,5659,682,150
361,1292,70,12
362,6427,365,207
363,1111,242,23
364,266,40,6
365,2200,435,45
366,6622,1249,267
367,2357,312,68
368,5110,509,75
369,4642,384,42
370,5094,442,164
371,747,191,18
372,3558,96,133
373,2317,919,737
374,0,0,0
375,1867,30,73
376,6630,182,303
377,5920,301,959
378,2312,84,32
379,5250,359,180
380,6802,914,74
381,0,0,0
382,1922,45,18
383,3656,235,25
384,5284,292,137
385,4138,138,121
386,3208,185,560
387,5819,657,56
388,856,31,35
389,5095,301,152
390,1261,137,24
391,1631,690,30
392,2657,155,131
393,3759,210,109
394,4299,213,65
395,6738,1554,199
396,1116,120,25
397,4540,317,70
398,640,8630,96
399,2071,304,66
400,3584,138,40
401,4843,279,224
402,0,1034,0
403,1999,250,9
404,3663,77,709
405,0,0,0
406,2111,135,63
407,5870,241,147
408,3321,338,189
409,1995,90,25
410,3791,166,187
411,3124,205,343
412,4897,270,115
413,5912,183,226
414,3459,126,545
415,1018,155,66
416,7207,345,261
417,3680,114,879
418,2967,528,331
419,4209,385,244
420,5734,240,274
421,7719,1516,1262
422,116,51,124
423,4447,550,624
424,1924,142,14
425,3951,102,195
426,4442,129,33
427,1805,1340,204
428,936,114,149
429,7139,218,591
430,4581,418,751
431,502,0,340
432,5382,790,249
433,5199,228,210
434,6844,134,1092
435,0,0,0
436,0,0,0
437,5227,758,874
438,4972,310,399
439,4131,63,135
440,1955,445,387
441,1076,74,127
442,7177,211,478
443,3777,339,1051
444,2645,491,269
445,4114,330,207
446,2708,64,207
447,4985,585,24
448,5839,192,289
449,7453,335,1192
450,150,1,208
451,4378,419,1079
452,3821,55,469
453,4414,71,365
454,2908,23,1003
455,714,325,82
456,6114,306,231
457,4537,138,745
458,43,14,33
459,497,19,149
460,5016,861,253
461,5427,227,651
462,7070,248,834
463,0,0,3
464,5162,113,802
465,3815,229,117
466,4196,144,42
467,1885,502,677
468,1150,247,90
469,1141,388,2
470,7367,418,447
471,3884,1121,832
472,2466,402,204
473,4186,1006,110
474,5758,210,719
475,7751,250,1153
476,295,56,228
477,4399,575,1268
478,4111,145,391
479,1245,101,31
480,7287,741,417
481,2228,8,560
482,1193,79,522
483,5931,589,70
484,4066,131,1020
485,481,59,339
486,5224,902,56
487,5862,395,333
488,7696,174,972
489,88,0,282
490,4669,164,655
491,3926,423,133
492,3811,150,175
493,4367,71,82
494,1444,1297,57
495,1091,159,116
496,7292,200,469
497,4216,531,627
498,2170,335,308
499,4138,618,286
500,5368,153,594
501,7731,109,1017
502,5627,196,144
503,256,5,364
504,5212,2059,126
505,5141,173,712
506,1191,54,165
507,2100,46,544
508,1535,53,329
509,5975,430,57
510,4025,160,599
511,3164,505,490
512,4268,282,968
513,3153,204,85
514,5617,466,224
515,7400,430,1503
516,31,0,511
517,4073,168,865
518,3897,176,281
519,4494,46,178
520,1525,1298,161
521,908,142,5
522,7229,312,517
523,4360,169,655
524,2699,168,432
525,2247,78,474
526,4441,671,317
527,4880,347,167
528,7002,105,905
529,0,0,0
530,5091,870,911
531,5121,753,89
532,1098,127,145
533,1842,175,299
534,1035,165,49
535,0,0,0
536,7155,398,313
537,3628,62,931
538,2846,484,452
539,4077,298,376
540,5819,309,189
541,7993,1135,988
542,127,16,113
543,4339,514,732
544,3993,131,153
545,4397,73,78
546,5098,122,138
547,1737,1097,272
548,930,111,155
549,7216,240,514
550,4522,351,810
551,542,1,300
552,5494,890,137
553,5189,189,220
554,6798,122,1138
555,0,0,0
556,5291,457,810
557,2896,94,102
558,7995,597,877
559,5015,372,356
560,4186,89,80
561,1981,524,361
562,1137,133,66
563,7114,214,541
564,3799,490,1029
565,2626,375,288
566,4057,298,264
567,5765,184,363
568,7557,419,1088
569,1553,495,29
570,151,1,207
571,4690,494,767
572,3910,81,380
573,4488,83,291
574,2738,17,1173
575,685,211,111
576,6100,253,245
577,4541,130,741
578,477,18,169
579,5092,1011,177
580,412,271,7
581,5491,283,587
582,7122,241,782
583,0,0,3
584,5205,156,759
585,3803,172,129
586,4127,52,111
587,1919,533,643
588,1137,236,103
589,7372,447,442
590,4085,1913,631
591,5482,712,54
592,2567,632,103
593,4106,712,190
594,5696,185,781
595,7606,228,1298
596,219,15,304
597,4113,449,1554
598,4170,151,332
599,1251,127,25
600,2155,13,633
601,1253,97,462
602,1789,373,12
603,5930,612,71
604,4086,146,1000
605,449,59,371
606,5214,918,66
607,2489,55,45
608,6619,175,276
609,0,1,0
610,6572,365,225
611,1866,41,66
612,0,0,0
613,130,7,1
614,8489,302,376
615,538,295,49
616,5232,632,459
617,6632,1100,18
618,9474,987,131
619,53,280,0
620,4860,617,465
621,4183,719,117
622,4642,183,177
623,1230,1065,111
624,3697,2269,38
625,141,291,6
626,7112,1449,548
627,3307,153,366
628,2289,354,238
629,4137,10789,325
630,6271,107,231
631,0,0,0
632,2374,43,82
633,5082,116,562
634,0,0,0
635,5881,353,192
636,6833,245,306
637,1907,24,392
638,5540,597,454
639,4119,859,33
640,4371,381,52
641,1420,958,0
642,191,107,14
643,7558,1555,113
644,3574,293,310
645,1584,206,305
646,1950,160,16
647,4086,487,196
648,7213,415,216
649,9402,437,880
650,198,7,291
651,4596,2418,279
652,3649,835,503
653,0,0,0
654,473,2,115
655,6503,90,273
656,0,0,0
657,1379,17,53
658,2762,19,78
659,5333,82,983
660,43,60,7
661,7383,2024,31
662,3385,317,22
663,863,427,8
664,4655,521,463
665,6803,551,41
666,10283,470,548
667,175,2,274
668,7756,577,249
669,6126,273,132
670,4920,872,110
671,3437,980,59
672,3642,321,21
673,1452,645,169
674,275,451,10
675,7657,918,527
676,3471,1627,442
677,0,0,0
678,8655,367,565
679,0,0,0
680,1765,228,2
681,757,124,117
682,6919,379,306
683,0,0,0
684,6502,3116,92
685,9444,938,97
686,80,124,0
687,5537,325,461
688,3789,860,61
689,2788,1824,24
690,1624,1058,305
691,91,75,1
692,0,353,0
693,6148,2027,59
694,2976,131,167
695,1815,539,67
696,4348,941,257
697,6729,450,273
698,10182,913,535
699,246,158,5
700,6649,232,445
701,2479,27,85
702,5051,208,180
703,0,0,3
704,8301,184,699
705,0,0,0
706,737,207,130
707,4547,321,94
708,1306,1030,0
709,3,134,0
710,7026,1588,46
711,3227,572,38
712,1312,727,61
713,48,2,7
714,4479,562,475
715,6236,1505,321
716,8935,967,230
717,205,4,107
718,4955,2013,226
719,3724,777,521
720,4416,51,144
721,1498,774,20
722,2376,35,158
723,6623,150,272
724,4007,11,535
725,0,0,0
726,6630,383,167
727,1873,34,59
728,0,0,0
729,8388,228,477
730,527,406,60
731,5236,626,455
732,6620,904,30
733,9520,1607,85
734,53,330,0
735,7500,260,202
736,4925,687,400
737,4232,824,68
738,4712,291,107
739,1180,1084,161
740,141,227,6
741,7102,1394,558
742,3295,124,378
743,2194,254,333
744,4191,888,271
745,6384,173,118
746,2263,181,242
747,0,0,0
748,2398,48,58
749,5435,225,209
750,0,0,0
751,6876,313,263
752,1998,30,301
753,5476,728,518
754,4109,891,43
755,4349,257,74
756,1420,1019,0
757,73,257,13
758,190,102,15
759,7578,1641,93
760,3584,304,300
761,1686,271,203
762,4038,369,244
763,7213,411,216
764,9397,411,885
765,193,9,296
766,4357,435,518
767,3792,12025,360
768,5708,218,173
769,0,0,0
770,498,7,90
771,6537,137,239
772,0,0,0
773,2743,17,97
774,5437,92,879
775,44,82,6
776,7371,1391,43
777,3390,579,17
778,868,313,3
779,5562,314,292
780,2078,86,19
781,4630,294,488
782,6797,533,47
783,10217,396,614
784,145,0,304
785,4923,996,107
786,3426,1004,70
787,3643,347,20
788,1427,559,194
789,282,127,3
790,7701,712,483
791,164,55,82
792,3542,301,371
793,127,43,2
794,7664,861,525
795,3625,240,292
796,2308,800,503
797,3360,2142,7
798,7381,168,440
799,9774,1129,643
800,357,2,217
801,4820,411,374
802,3918,433,28
803,4313,90,455
804,4129,94,58
805,1251,344,95
806,832,90,185
807,7795,318,549
808,3854,121,398
809,3016,550,365
810,3635,560,295
811,6427,79,785
812,8009,659,1221
813,5279,318,25
814,55,4,178
815,5821,580,498
816,3560,151,292
817,4391,76,79
818,1793,413,151
819,49,323,2
820,7248,466,294
821,3461,95,455
822,1905,570,799
823,4814,758,347
824,1792,517,9
825,6790,406,227
826,9738,349,784
827,351,11,43
828,5072,191,561
829,4266,102,364
830,3800,131,19
831,1232,552,158
832,847,168,74
833,6891,529,127
834,3311,75,713
835,1334,137,68
836,4104,678,327
837,4335,342,604
838,6023,221,193
839,7061,150,1255
840,70,0,214
841,4020,1267,53
842,4214,641,263
843,4009,392,33
844,1690,551,242
845,416,133,17
846,0,0,0
847,7226,454,487
848,3777,981,247
849,3052,552,992
850,4692,588,344
851,6354,188,455
852,8184,595,756
853,78,26,116
854,4997,607,388
855,4314,228,181
856,3576,243,45
857,5210,248,53
858,1372,903,258
859,1001,105,75
860,7199,210,391
861,3801,204,649
862,2680,390,465
863,4374,1018,112
864,6613,121,362
865,9930,448,840
866,343,3,83
867,4555,1395,142
868,6156,400,186
869,4133,359,170
870,3926,324,14
871,2178,121,567
872,525,182,0
873,7736,209,536
874,3655,198,249
875,2317,139,909
876,4918,168,429
877,6508,149,409
878,9091,362,793
879,3040,103,67
880,5,2,131
881,5159,1049,351
882,3237,173,155
883,3645,162,27
884,1711,463,96
885,1051,104,114
886,6873,411,214
887,3342,93,736
888,2097,33,883
889,3991,1511,120
890,1267,151,70
891,5839,244,680
892,7023,289,109
893,9872,160,862
894,118,4,155
895,4981,691,513
896,3789,229,533
897,4388,116,167
898,1741,283,43
899,850,273,2
900,8101,211,406
901,3688,261,262
902,1773,259,1
903,2795,1097,313
904,4042,220,303
905,6330,145,584
906,8388,285,1313
907,6,0,270
908,5428,296,642
909,3943,80,216
910,3881,135,43
911,1863,324,203
912,117,37,12
913,1268,268,10
914,7586,864,603
915,3550,78,367
916,2015,497,796
917,3337,1673,30
918,7403,219,418
919,9882,1613,535
920,368,5,206
921,4929,656,265
922,4453,169,315
923,4119,99,68
924,6009,244,108
925,1217,180,129
926,774,69,243
927,7791,260,553
928,3752,77,500
929,3143,733,238
930,3723,1011,207
931,6419,70,793
932,8187,669,1043
933,105,6,128
934,5453,176,866
935,1764,183,0
936,3600,164,252
937,4411,153,59
938,1900,568,44
939,51,406,0
940,7245,542,297
941,3503,136,413
942,1836,387,868
943,4462,593,699
944,6763,299,254
945,9712,441,810
946,5610,159,373
947,357,13,37
948,5279,356,354
949,4405,145,225
950,3808,218,11
951,1199,417,191
952,830,81,91
953,6805,424,213
954,3206,64,818
955,3990,486,441
956,4438,584,501
957,1817,53,110
958,6080,410,136
959,7185,184,1131
960,116,0,168
961,4005,1496,68
962,4160,462,317
963,3958,262,84
964,1709,523,223
965,417,145,16
966,7258,451,455
967,3818,696,206
968,35,81,28
969,3298,680,746
970,4650,470,386
971,6311,172,498
972,7858,505,1082
973,64,11,130
974,4747,290,638
975,4344,276,151
976,3610,336,11
977,1414,1120,216
978,1013,134,63
979,3904,425,32
980,7137,211,453
981,3822,137,628
982,2734,371,411
983,4355,940,131
984,1584,131,303
985,6137,381,72
986,4230,113,679
987,503,14,181
988,4732,1082,58
989,5395,314,167
990,5754,275,176
991,7275,100,1046
992,70,0,132
993,5478,669,632
994,4795,135,401
995,0,47,0
996,2593,54,531
997,168,2,89
998,5776,312,110
999,3833,233,480
1000,3211,693,86
1001,232,14,41
1002,2570,169,18
1003,1860,295,9
1004,2333,423,152
1005,1327,52,21
1006,5703,424,38
1007,5562,500,88
1008,621,212,0
1009,3736,258,1844
1010,4413,28,1111
1011,669,11,35
1012,2070,69,327
1013,1806,203,163
1014,1545,148,579
1015,5977,408,45
1016,4231,104,706
1017,389,136,53
1018,4620,345,350
1019,3580,209,135
1020,7467,132,727
1021,178,24,135
1022,5782,510,741
1023,4044,62,429
1024,0,0,0
1025,2319,490,87
1026,1220,36,25
1027,5929,244,165
1028,2423,423,72
1029,3519,255,83
1030,3356,245,4
1031,3061,309,53
1032,213,0,528
1033,4606,354,358
1034,5650,243,258
1035,4959,221,41
1036,7293,131,1147
1037,8,0,49
1038,4895,1170,265
1039,4793,301,203
1040,4,17,0
1041,2172,104,574
1042,255,28,161
1043,5695,425,24
1044,4422,89,732
1045,107,0,238
1046,7423,649,265
1047,4339,337,876
1048,5887,299,54
1049,2587,816,22
1050,3848,135,68
1051,4835,527,79
1052,478,145,0
1053,3414,536,40
1054,1660,131,19
1055,711,36,243
1056,1896,129,253
1057,1483,78,17
1058,1814,140,351
1059,5968,599,78
1060,4437,129,691
1061,515,25,223
1062,4687,642,145
1063,4782,289,133
1064,6750,185,823
1065,3,0,335
1066,6091,540,391
1067,4249,189,434
1068,93,275,4
1069,72,0,551
1070,1862,143,597
1071,4015,112,148
1072,5046,904,190
1073,549,332,0
1074,3295,295,38
1075,3075,412,50
1076,2027,358,181
1077,1232,54,21
1078,5424,376,88
1079,5773,395,59
1080,7277,204,774
1081,2,0,3
1082,5093,1102,226
1083,4790,507,194
1084,654,58,22
1085,2376,15,526
1086,1048,236,297
1087,6052,302,64
1088,3905,172,537
1089,204,1,244
1090,1982,192,3
1091,3891,97,500
1092,4590,264,347
1093,6397,207,559
1094,46,3,28
1095,3284,278,58
1096,2984,514,126
1097,3714,165,245
1098,1684,478,23
1099,2630,355,46
1100,2319,691,0
1101,0,0,0
1102,1432,114,455
1103,6148,395,61
1104,4004,92,905
1105,520,11,164
1106,4621,523,169
1107,5350,325,212
1108,7165,122,1156
1109,17,0,185
1110,5288,489,822
1111,4874,186,322
1112,2391,151,26
1113,3385,317,9
1114,1830,995,6
1115,0,18,0
1116,2444,34,680
1117,25,0,232
1118,5777,369,109
1119,3199,64,1114
1120,3217,730,80
1121,1858,418,11
1122,2335,398,150
1123,1327,43,21
1124,5685,390,56
1125,5211,217,99
1126,5567,467,83
1127,620,212,1
1128,4084,248,1496
1129,4384,16,1140
1130,704,124,0
1131,2042,62,355
1132,1609,164,515
1133,5979,440,43
1134,4269,115,668
1135,362,40,80
1136,3921,156,99
1137,4647,401,323
1138,3589,205,126
1139,7535,140,659
1140,188,16,125
1141,5756,985,767
1142,4059,87,414
1143,2317,672,89
1144,1223,42,22
1145,5937,313,157
1146,2413,323,82
1147,6760,223,314
1148,3518,229,84
1149,3349,220,11
1150,3074,301,40
1151,334,0,407
1152,4793,572,171
1153,5645,209,263
1154,7262,129,1178
1155,6,2,51
1156,4665,1153,495
1157,4863,411,133
1158,1786,173,57
1159,1,1,3
1160,2060,63,686
1161,223,23,193
1162,5684,342,35
1163,4004,24,1150
1164,161,30,184
1165,4377,334,838
1166,5892,379,49
1167,2594,821,15
1168,3800,85,116
1169,1226,23,78
1170,4823,494,91
1171,478,125,0
1172,3405,478,49
1173,1659,128,20
1174,1699,141,204
1175,10149,501,241
1176,0,0,0
1177,5921,117,471
1178,4426,34,389
1179,4984,282,186
1180,3561,693,200
1181,3181,100,84
1182,8551,275,595
1183,5852,285,133
1184,0,24,0
1185,2820,72,94
1186,8716,386,493
1187,2769,258,49
1188,8679,443,603
1189,2539,79,259
1190,7116,219,568
1191,2641,22,548
1192,6210,266,529
1193,0,417,0
1194,1711,163,192
1195,10179,613,211
1196,0,0,0
1197,6109,129,283
1198,4585,139,230
1199,4846,210,324
1200,3172,104,93
1201,8530,298,616
1202,0,0,0
1203,5814,230,171
1204,0,232,0
1205,2831,90,83
1206,8785,407,424
1207,2772,229,46
1208,8703,432,579
1209,2542,77,256
1210,7203,343,481
1211,6357,246,382
1212,0,231,0
1213,4475,223,63
1214,1641,68,262
1215,10160,427,230
1216,0,0,0
1217,5957,114,435
1218,4647,349,168
1219,5012,244,158
1220,3198,117,67
1221,8507,284,639
1222,5841,243,144
1223,0,330,0
1224,6988,229,116
1225,7899,259,443
1226,2806,78,108
1227,8649,361,560
1228,2781,225,37
1229,8682,389,600
1230,2485,105,313
1231,7186,265,498
1232,6307,317,432
1233,0,669,0
1234,1740,305,163
1235,10229,1071,161
1236,1654,61,30
1237,0,0,0
1238,6096,114,296
1239,4556,52,259
1240,4827,206,343
1241,3172,92,93
1242,8561,316,585
1243,5842,272,143
1244,0,235,0
1245,2845,104,69
1246,8669,539,540
1247,419,299,1
1248,2780,241,38
1249,8680,639,602
1250,2534,104,264
1251,7162,338,522
1252,6103,246,636
1253,0,233,0
1254,1700,129,203
1255,10205,493,185
1256,0,0,0
1257,6138,134,254
1258,5946,218,143
1259,4651,231,164
1260,4901,221,269
1261,3199,115,66
1262,8381,214,765
1263,5811,207,174
1264,0,322,0
1265,2801,69,113
1266,8675,471,534
1267,2769,223,49
1268,8682,515,600
1269,2218,51,83
1270,2481,72,317
1271,7171,236,513
1272,6268,280,471
1273,0,672,0
1274,1705,98,198
1275,10157,530,233
1276,0,0,0
1277,6013,104,379
1278,4399,18,416
1279,4982,259,188
1280,291,7,3
1281,3173,99,92
1282,8482,225,664
1283,5838,256,147
1284,0,46,0
1285,2808,61,106
1286,8655,359,554
1287,2777,221,41
1288,8696,504,586
1289,2494,76,304
1290,7128,212,556
1291,3938,608,28
1292,6204,241,535
1293,0,472,0
1294,1732,153,171
1295,10163,585,227
1296,0,0,0
1297,6102,121,290
1298,4539,48,276
1299,4882,214,288
1300,3156,106,109
1301,8539,317,607
1302,5757,405,150
1303,5825,223,160
1304,0,255,0
1305,2826,87,88
1306,8838,422,371
1307,2771,214,47
1308,8679,583,603
1309,2507,78,291
1310,7192,375,492
1311,6378,269,361
1312,0,288,0
1313,1982,211,3
1314,1617,98,286
1315,10113,411,277
1316,0,0,0
1317,5874,115,518
1318,4638,287,177
1319,4978,261,192
1320,3204,118,61
1321,8526,290,620
1322,5853,242,132
1323,0,281,0
1324,1330,860,1
1325,2796,65,118
1326,8740,372,469
1327,2766,230,52
1328,8687,389,595
1329,2493,80,305
1330,7185,263,499
1331,6287,315,452
1332,0,663,0
1333,5465,531,85
1334,1891,98,14
1335,517,623,0
1336,0,0,0
1337,1239,189,20
1338,1899,201,24
1339,1281,74,18
1340,6167,183,158
1341,1775,38,69
1342,230,46,1
1343,4371,1066,69
1344,1913,61,186
1345,4462,828,106
1346,1883,169,61
1347,5458,316,90
1348,4615,1100,220
1349,4395,1513,146
1350,4142,1043,322
1351,2219,374,31
1352,219,1585,29
1353,3699,136,397
1354,11040,2044,1664
1355,4779,229,343
1356,6298,106,254
1357,4416,332,341
1358,0,1,0
1359,6470,128,375
1360,3964,146,394
1361,1871,34,42
1362,1346,136,24
1363,6229,314,89
1364,2163,64,76
1365,499,86,0
1366,2482,258,74
1367,463,73,0
1368,1593,92,65
1369,1687,393,3
1370,4477,529,410
1371,1366,1890,124
1372,2891,1640,3
1373,4481,1612,132
1374,195,179,12
1375,4426,1907,155
1376,0,81,0
1377,564,197,12
1378,4343,103,205
1379,410,284,4
1380,4749,185,374
1381,4487,111,106
1382,6865,264,117
1383,3952,1240,351
1384,2053,138,74
1385,1288,72,78
1386,6225,287,106
1387,1064,31,195
1388,6224,339,110
1389,1134,38,70
1390,6026,648,107
1391,4581,264,139
1392,1191,4,114
1393,6771,282,152
1394,1472,576,0
1395,33,12,3
1396,5269,808,780
1397,0,0,0
1398,4673,663,266
1399,205,3114,0
1400,5273,107,1838
1401,465,8,94
1402,5376,149,485
1403,138,220,23
1404,4260,183,79
1405,6183,285,363
1406,4228,378,191
1407,3188,363,40
1408,4293,244,81
1409,3904,223,54
1410,4060,252,150
1411,3178,161,70
1412,3423,281,114
1413,2481,63,912
1414,3029,557,22
1415,1133,97,23
1416,6470,531,175
1417,5712,1927,1427
1418,6201,299,118
1419,1852,62,21
1420,6167,93,244
1421,1779,152,30
1422,15,1,45
1423,4316,1145,54
1424,1042,244,5
1425,892,61,80
1426,0,258,0
1427,3000,92,28
1428,6083,78,470
1429,2185,23,65
1430,5904,39,426
1431,2623,46,85
1432,6476,57,434
1433,2660,137,41
1434,6843,562,251
1435,5372,471,72
1436,3775,688,129
1437,4710,1022,505
1438,5414,443,136
1439,1869,60,36
1440,1232,144,27
1441,1897,153,26
1442,1256,67,43
1443,6172,232,153
1444,1769,33,75
1445,231,42,0
1446,7909,446,84
1447,2393,152,51
1448,4378,1092,62
1449,1905,60,194
1450,4496,1059,72
1451,1869,180,75
1452,4609,1395,226
1453,4371,1485,170
1454,4129,1353,335
1455,2200,402,50
1456,197,1743,51
1457,3774,139,322
1458,29,13,39
1459,10815,1845,1889
1460,4914,263,208
1461,6315,240,237
1462,4399,405,358
1463,6541,152,304
1464,3903,151,455
1465,1881,58,32
1466,1302,59,68
1467,6220,304,98
1468,2157,70,82
1469,3347,694,17
1470,499,67,0
1471,2491,262,65
1472,463,101,0
1473,1614,118,44
1474,4523,680,364
1475,1394,105,96
1476,2892,1689,2
1477,4496,968,117
1478,204,146,3
1479,4420,1415,161
1480,5503,146,154
1481,0,51,0
1482,554,223,22
1483,4390,177,158
1484,405,272,9
1485,4433,82,160
1486,6838,267,144
1487,3845,988,458
1488,2017,67,110
1489,1253,50,113
1490,6228,225,103
1491,2103,79,42
1492,1037,25,222
1493,6206,321,128
1494,1134,43,70
1495,6017,635,116
1496,1234,6,71
1497,6759,294,164
1498,1471,541,1
1499,32,15,4
1500,5405,890,644
1501,1131,162,89
1502,1541,237,31
1503,7465,331,293
1504,3745,64,1058
1505,2688,837,424
1506,4120,356,234
1507,6027,203,319
1508,7825,1211,1372
1509,48,17,57
1510,4541,694,660
1511,3848,190,315
1512,4139,278,22
1513,0,0,0
1514,1664,1220,119
1515,1041,76,144
1516,7461,228,469
1517,4877,161,667
1518,575,5,279
1519,5013,667,283
1520,5005,271,224
1521,6549,121,1061
1522,0,0,0
1523,5336,614,745
1524,4657,431,27
1525,4922,333,406
1526,4278,60,137
1527,1929,464,321
1528,1120,106,210
1529,7498,301,427
1530,3350,145,1080
1531,2622,329,318
1532,4484,293,249
1533,5703,328,344
1534,7481,289,992
1535,6800,986,76
1536,105,0,206
1537,4644,353,1047
1538,3814,56,502
1539,4385,64,399
1540,3244,45,748
1541,578,235,68
1542,6048,235,266
1543,3984,102,935
1544,542,44,137
1545,4943,703,301
1546,1623,706,38
1547,5168,254,675
1548,6905,275,926
1549,4,0,4
1550,4903,570,669
1551,4042,165,152
1552,3801,153,56
1553,1738,571,634
1554,1341,222,156
1555,7978,422,560
1556,4174,959,695
1557,6276,84,138
1558,0,1294,0
1559,2418,406,216
1560,4191,1091,88
1561,5167,225,659
1562,7565,511,1080
1563,574,330,138
1564,5021,643,1061
1565,4730,267,306
1566,908,234,156
1567,2157,31,550
1568,1433,117,405
1569,5886,208,252
1570,5944,691,49
1571,3700,120,1019
1572,491,31,352
1573,5358,529,60
1574,5933,135,406
1575,7933,160,1118
1576,115,0,217
1577,4789,216,503
1578,4156,274,188
1579,4230,97,87
1580,1905,91,33
1581,1722,1097,55
1582,1298,224,130
1583,7093,309,538
1584,4458,430,698
1585,2307,304,308
1586,3922,470,295
1587,5122,244,590
1588,7932,114,922
1589,321,9,250
1590,5366,1517,132
1591,0,0,0
1592,5001,134,887
1593,747,13,417
1594,2087,34,630
1595,1429,63,341
1596,6059,473,46
1597,3839,157,741
1598,2943,376,457
1599,4618,671,925
1600,5950,398,262
1601,7077,223,1497
1602,4882,337,127
1603,76,3,489
1604,3938,166,879
1605,4590,217,279
1606,4523,18,189
1607,1554,1286,161
1608,925,119,9
1609,7395,370,547
1610,4266,308,672
1611,2144,159,396
1612,4390,448,352
1613,28,8,48
1614,5438,424,100
1615,6522,97,1017
1616,0,0,0
1617,5300,738,1105
1618,4784,724,191
1619,890,49,257
1620,1687,164,328
1621,1177,202,43
1622,7467,420,291
1623,3686,39,1117
1624,1142,274,1
1625,2607,851,505
1626,3999,298,355
1627,6111,258,235
1628,8126,896,1071
1629,47,18,58
1630,4541,665,660
1631,3997,295,166
1632,4114,161,47
1633,1589,1010,194
1634,1019,69,166
1635,7308,762,396
1636,7522,282,408
1637,4809,135,735
1638,552,12,302
1639,5117,803,179
1640,4992,220,237
1641,6483,108,1127
1642,0,0,0
1643,5384,639,697
1644,5020,377,308
1645,4331,119,84
1646,3925,391,134
1647,1969,574,281
1648,1247,175,83
1649,7432,316,493
1650,3258,247,1172
1651,2596,253,344
1652,4455,248,278
1653,5593,286,454
1654,7582,366,891
1655,112,0,199
1656,4837,514,854
1657,5628,173,143
1658,3913,98,403
1659,4495,85,289
1660,3062,39,930
1661,543,133,103
1662,6042,197,272
1663,4068,93,851
1664,524,51,155
1665,5017,863,227
1666,5212,291,631
1667,6874,267,957
1668,398,114,9
1669,3161,160,77
1670,2,0,6
1671,4978,761,594
1672,4043,124,151
1673,3742,62,115
1674,1748,621,624
1675,1327,212,170
1676,8068,466,470
1677,4290,1859,579
1678,2486,511,148
1679,4147,907,132
1680,2793,184,338
1681,5116,209,710
1682,7359,450,1286
1683,472,253,240
1684,4506,422,1576
1685,4767,300,269
1686,989,302,75
1687,2163,68,544
1688,1423,155,415
1689,5932,728,61
1690,3710,119,1009
1691,0,0,0
1692,530,76,313
1693,5336,539,82
1694,4595,317,311
1695,6373,285,266
1696,4594,361,242
1697,5613,132,378
1698,3708,124,470
1699,1760,64,25
1700,1309,120,47
1701,6399,332,103
1702,5112,136,124
1703,1845,95,76
1704,571,17,62
1705,2059,180,103
1706,256,0,205
1707,1464,83,48
1708,4068,568,296
1709,1437,165,121
1710,2552,1767,206
1711,4675,1645,233
1712,94,112,112
1713,8138,582,734
1714,4657,1896,172
1715,0,0,0
1716,5015,877,63
1717,0,3006,0
1718,4932,127,2051
1719,478,54,179
1720,54,252,15
1721,4342,135,85
1722,6833,300,451
1723,3992,57,411
1724,1560,538,22
1725,2739,133,107
1726,4457,115,265
1727,3429,248,97
1728,4244,804,125
1729,3205,197,91
1730,3254,349,96
1731,2908,272,41
1732,1253,68,65
1733,6240,417,222
1734,5922,2184,1371
1735,411,265,8
1736,2126,75,54
1737,1156,99,65
1738,1939,144,80
1739,1175,31,96
1740,6886,223,147
1741,1680,45,91
1742,39,4,29
1743,4469,974,63
1744,1878,23,215
1745,3995,1234,96
1746,5470,733,66
1747,1451,13,271
1748,4968,1593,127
1749,4462,1598,160
1750,4200,1702,218
1751,1713,326,374
1752,242,1692,2
1753,3608,100,526
1754,11437,1979,1994
1755,4469,136,284
1756,508,85,9
1757,1793,407,8
1758,4172,303,123
1759,299,238,3
1760,4300,130,167
1761,6545,235,142
1762,3558,961,401
1763,1783,46,140
1764,979,43,514
1765,5890,324,105
1766,1087,24,334
1767,6503,478,96
1768,131,12,0
1769,908,28,35
1770,6324,589,160
1771,1246,1,112
1772,6716,290,288
1773,1398,176,21
1774,0,0,57
1775,5605,765,564
1776,6396,502,149
1777,1964,47,29
1778,6314,113,289
1779,2726,85,192
1780,3702,2614,33
1781,1800,137,34
1782,0,0,42
1783,4890,909,143
1784,618,9,209
1785,14,280,11
1786,2940,61,133
1787,6204,137,513
1788,2350,46,24
1789,5750,111,256
1790,2382,110,41
1791,5874,320,199
1792,7057,71,356
1793,2823,168,57
1794,6781,534,383
1795,3147,428,219
1796,4706,760,687
1797,4533,302,373
1798,6351,148,288
1799,4586,466,250
1800,5673,169,318
1801,3651,129,527
1802,1947,167,19
1803,1762,68,23
1804,1279,53,77
1805,6403,323,99
1806,1835,87,86
1807,573,14,60
1808,2074,262,88
1809,303,3,158
1810,1475,82,37
1811,4090,381,274
1812,1429,112,129
1813,1392,57,40
1814,2563,1827,195
1815,4682,1578,226
1816,120,209,86
1817,4699,2247,130
1818,0,0,0
1819,5016,859,62
1820,0,2597,0
1821,4790,63,2193
1822,425,1,232
1823,43,138,26
1824,6132,254,126
1825,4330,121,97
1826,6708,285,576
1827,4145,274,258
1828,2816,369,30
1829,4622,250,100
1830,3436,239,90
1831,4220,505,149
1832,3190,160,106
1833,3083,292,267
1834,2901,242,48
1835,1767,196,0
1836,1273,82,45
1837,6293,595,169
1838,5777,2324,1516
1839,2129,70,51
1840,1152,80,69
1841,1949,145,70
1842,1126,17,145
1843,6861,192,172
1844,1686,47,85
1845,38,4,30
1846,92,83,0
1847,4460,904,72
1848,1921,31,172
1849,3992,1088,99
1850,1482,17,240
1851,4949,1491,146
1852,4441,1627,181
1853,4154,1589,264
1854,1715,311,372
1855,225,1370,19
1856,3670,100,464
1857,4991,151,240
1858,11343,1968,2088
1859,4996,304,379
1860,2164,65,786
1861,907,166,9
1862,5300,756,82
1863,2759,211,70
1864,84,0,8
1865,3067,587,20
1866,4861,150,232
1867,1581,69,81
1868,52,2,3
1869,1499,168,146
1870,0,0,0
1871,4723,385,39
1872,7369,936,110
1873,1622,660,28
1874,36,716,2
1875,5421,239,214
1876,1912,128,11
1877,0,0,0
1878,4976,530,56
1879,4004,5,538
1880,0,7,0
1881,897,336,4
1882,7671,972,446
1883,3875,412,129
1884,5285,238,247
1885,3570,280,120
1886,2747,93,576
1887,0,0,0
1888,5067,143,152
1889,7683,552,1048
1890,3045,392,16
1891,7453,184,249
1892,1724,381,61
1893,712,150,10
1894,5710,687,55
1895,2057,298,8
1896,222,9,0
1897,3811,2368,52
1898,6127,310,528
1899,1985,131,19
1900,1330,8,114
1901,6139,270,159
1902,2244,94,261
1903,1688,181,4
1904,62,69,0
1905,4587,253,188
1906,116,8,9
1907,4031,14,540
1908,7689,266,155
1909,2192,226,362
1910,118,259,3
1911,5390,213,186
1912,2027,98,33
1913,77,253,9
1914,46,73,142
1915,3795,294,36
1916,4754,264,129
1917,2112,448,10
1918,1149,63,31
1919,0,0,0
1920,4967,203,64
1921,5976,494,254
1922,3301,121,93
1923,5688,221,925
1924,5758,269,123
1925,1774,228,2
1926,1428,160,53
1927,5190,236,150
1928,1576,243,0
1929,5687,188,375
1930,1808,45,140
1931,40,26,13
1932,3899,629,22
1933,5330,264,196
1934,2597,233,21
1935,2080,111,17
1936,1775,208,183
1937,0,0,0
1938,5461,259,47
1939,7658,535,402
1940,1598,80,9
1941,58,202,4
1942,5146,414,92
1943,1852,204,3
1944,0,0,0
1945,2007,770,2
1946,190,62,56
1947,5253,339,94
1948,4281,100,136
1949,6727,288,334
1950,1652,158,8
1951,1109,18,87
1952,3494,773,235
1953,2261,16,494
1954,0,0,0
1955,4530,357,60
1956,7642,290,519
1957,3903,408,43
1958,1603,81,15
1959,556,262,2
1960,6479,287,154
1961,1686,30,149
1962,296,20,1
1963,3935,730,67
1964,5444,446,136
1965,1853,223,2
1966,1459,776,39
1967,0,0,0
1968,5252,255,52
1969,5289,332,89
1970,0,0,0
1971,1560,412,17
1972,4139,113,582
1973,4781,223,170
1974,4887,123,488
1975,2084,63,866
1976,909,154,7
1977,5290,659,92
1978,2761,123,68
1979,1796,472,5
1980,79,0,13
1981,3070,670,17
1982,4917,161,176
1983,1599,116,63
1984,1534,181,111
1985,0,0,0
1986,4731,436,31
1987,7379,1020,100
1988,1617,724,33
1989,36,1018,2
1990,1335,124,67
1991,5423,287,212
1992,1886,76,37
1993,0,0,0
1994,4903,405,129
1995,0,0,0
1996,898,194,3
1997,7666,991,451
1998,3874,358,130
1999,5300,225,232
2000,3580,237,110
2001,7084,522,54
2002,0,0,0
2003,2800,153,523
2004,0,0,0
2005,5077,154,142
2006,7811,507,920
2007,1734,472,51
2008,717,135,5
2009,5693,706,72
2010,2056,300,9
2011,222,14,0
2012,3816,2696,47
2013,5227,312,36
2014,6139,298,516
2015,1981,127,23
2016,1351,19,93
2017,6145,260,153
2018,1690,173,2
2019,62,63,0
2020,4568,216,207
2021,117,8,8
2022,4019,11,552
2023,7621,214,223
2024,6182,402,160
2025,2158,137,396
2026,119,266,2
2027,5440,235,136
2028,2023,121,37
2029,80,88,108
2030,3782,313,49
2031,4754,242,129
2032,2119,490,3
2033,1141,53,39
2034,0,0,0
2035,3046,125,61
2036,4976,238,55
2037,5998,500,232
2038,3296,149,98
2039,5763,225,850
2040,1775,247,1
2041,1338,40,143
2042,5177,245,163
2043,1576,168,0
2044,5535,250,52
2045,1393,166,79
2046,5941,246,578
2047,2355,156,37
2048,12874,189,440
2049,7937,213,235
2050,589,980,27
2051,8017,371,239
2052,6277,86,171
2053,0,0,0
2054,5619,79,259
2055,765,165,6
2056,2789,136,166
2057,1774,257,0
2058,3145,240,33
2059,7236,455,47
2060,6188,409,254
2061,11142,426,272
2062,7083,252,186
2063,670,132,48
2064,8205,360,121
2065,2185,142,59
2066,13145,285,390
2067,331,6,50
2068,1229,97,49
2069,3438,304,37
2070,6266,253,114
2071,3035,392,24
2072,6078,463,34
2073,457,1192,0
2074,0,478,0
2075,3127,88,105
2076,3652,322,15
2077,7715,445,296
2078,2809,293,54
2079,5983,219,134
2080,12994,381,320
2081,251,4,73
2082,3584,202,26
2083,8531,464,93
2084,5107,122,453
2085,1244,44,72
2086,2011,107,91
2087,964,174,11
2088,2215,274,71
2089,11207,338,279
2090,1763,162,1
2091,6627,317,99
2092,643,768,15
2093,0,182,0
2094,2972,80,97
2095,3174,134,117
2096,7716,847,120
2097,5287,338,224
2098,1328,75,83
2099,70,0,93
2100,3326,319,1
2101,657,723,0
2102,7541,237,112
2103,459,81,103
2104,7223,535,133
2105,567,151,83
2106,7809,497,59
2107,6307,127,187
2108,11497,299,582
2109,6188,208,170
2110,655,551,22
2111,0,83,0
2112,6367,113,256
2113,0,0,0
2114,250,43,92
2115,3537,317,24
2116,8510,215,272
2117,5115,139,163
2118,782,55,99
2119,2545,76,106
2120,13273,210,365
2121,144,13,24
2122,12090,203,408
2123,222,19,11
2124,4033,126,49
2125,3674,288,52
2126,6605,361,229
2127,5505,134,432
2128,11404,424,366
2129,6164,209,302
2130,5523,273,64
2131,1396,136,76
2132,2363,135,29
2133,12888,189,426
2134,7957,217,215
2135,96,0,228
2136,591,643,25
2137,7982,231,274
2138,6267,126,181
2139,0,0,0
2140,5716,127,162
2141,763,201,8
2142,2753,153,202
2143,3150,260,28
2144,7228,358,55
2145,6120,98,322
2146,3986,198,23
2147,11163,387,251
2148,7061,239,208
2149,685,99,33
2150,8224,357,102
2151,2185,102,59
2152,13173,348,362
2153,307,3,74
2154,3427,188,48
2155,6307,319,73
2156,3043,342,16
2157,10201,179,370
2158,6065,342,47
2159,457,842,0
2160,0,371,0
2161,3119,70,113
2162,3637,158,30
2163,7736,660,275
2164,2832,407,31
2165,13053,432,261
2166,267,6,57
2167,3583,300,27
2168,5596,135,339
2169,8500,483,124
2170,4996,85,564
2171,1237,53,79
2172,2035,180,67
2173,951,131,24
2174,2244,398,42
2175,11248,359,238
2176,6629,345,97
2177,584,799,74
2178,0,102,0
2179,4300,165,179
2180,2969,91,100
2181,3167,135,124
2182,136,72,0
2183,7379,837,506
2184,3713,485,309
2185,1976,582,297
2186,3232,2002,7
2187,6641,186,456
2188,10047,930,655
2189,310,0,197
2190,5402,244,110
2191,4749,310,365
2192,3987,111,468
2193,4081,104,41
2194,1389,437,89
2195,739,65,198
2196,7461,310,450
2197,3529,117,412
2198,2969,370,412
2199,3832,334,311
2200,6428,112,697
2201,4370,152,507
2202,7865,660,1062
2203,27,1,160
2204,5279,647,434
2205,3930,106,218
2206,4241,101,84
2207,1881,394,52
2208,0,216,0
2209,7605,391,272
2210,3568,151,346
2211,1833,559,758
2212,9796,188,333
2213,4782,584,463
2214,6572,363,273
2215,9749,418,660
2216,264,7,116
2217,4868,223,438
2218,3906,89,452
2219,4014,83,23
2220,1475,679,157
2221,816,54,84
2222,6964,588,107
2223,12628,203,418
2224,11444,514,206
2225,1091,446,0
2226,3612,85,602
2227,3466,804,390
2228,4308,185,798
2229,5974,166,225
2230,7305,172,1164
2231,53,0,207
2232,4030,1223,35
2233,4051,623,173
2234,4043,213,17
2235,1680,696,235
2236,0,692,0
2237,319,80,17
2238,7647,404,392
2239,3706,612,322
2240,2672,283,685
2241,4693,363,362
2242,6737,173,445
2243,9043,665,681
2244,43,19,153
2245,4679,926,268
2246,4012,176,125
2247,3539,100,128
2248,3656,164,29
2249,1242,717,246
2250,864,140,94
2251,7300,177,372
2252,3492,195,566
2253,3191,595,319
2254,4153,1048,79
2255,6976,129,320
2256,10220,402,762
2257,444,6,44
2258,0,413,0
2259,4057,1180,71
2260,4032,293,178
2261,3972,158,12
2262,2068,94,585
2263,409,120,11
2264,7851,228,512
2265,3820,180,240
2266,2540,283,844
2267,4623,145,371
2268,6715,175,344
2269,3508,94,177
2270,8882,279,755
2271,34,9,169
2272,4881,543,347
2273,3901,267,97
2274,3831,167,28
2275,1463,657,98
2276,1066,144,84
2277,7071,304,226
2278,3655,110,590
2279,2451,75,634
2280,0,232,0
2281,3803,1384,74
2282,6688,481,61
2283,9717,344,739
2284,228,32,124
2285,4608,563,699
2286,3925,171,518
2287,4004,102,89
2288,1607,199,92
2289,525,122,52
2290,7704,171,377
2291,5808,87,385
2292,3530,233,220
2293,2664,1118,266
2294,4006,294,255
2295,6578,153,537
2296,8858,197,1206
2297,10,0,253
2298,5145,259,815
2299,4055,41,255
2300,4043,150,22
2301,2011,551,273
2302,11265,436,303
2303,136,42,0
2304,7344,838,541
2305,3664,167,358
2306,1558,416,715
2307,3206,1567,33
2308,6666,197,431
2309,10169,1053,533
2310,297,1,210
2311,4835,405,279
2312,4065,155,390
2313,0,0,0
2314,4078,109,44
2315,1324,270,154
2316,668,51,269
2317,7462,289,449
2318,3467,93,474
2319,3112,523,269
2320,3915,522,228
2321,6430,97,695
2322,7990,641,937
2323,50,4,137
2324,10935,165,388
2325,5084,204,629
2326,3939,120,209
2327,4262,121,63
2328,1910,468,23
2329,0,282,0
2330,7620,440,257
2331,3624,180,290
2332,1806,370,785
2333,4412,484,833
2334,6519,267,326
2335,7773,285,116
2336,6243,144,538
2337,9740,570,669
2338,263,9,117
2339,5056,454,250
2340,4119,128,239
2341,4030,165,7
2342,1418,454,214
2343,812,47,88
2344,6930,472,141
2345,3511,61,703
2346,3446,554,410
2347,4023,52,324
2348,4443,281,663
2349,6034,237,165
2350,7411,194,1058
2351,87,0,173
2352,4024,1486,41
2353,3961,442,263
2354,4003,129,57
2355,1729,620,186
2356,318,96,18
2357,7701,406,338
2358,9189,278,369
2359,3775,955,253
2360,2939,514,418
2361,4666,339,389
2362,6679,144,503
2363,8641,499,1083
2364,27,6,169
2365,4466,410,481
2366,4030,222,107
2367,3670,249,15
2368,1304,849,184
2369,1240,414,54
2370,871,174,87
2371,7263,173,409
2372,3509,177,549
2373,3224,616,286
2374,4145,992,87
2375,9572,244,596
2376,1322,221,0
2377,0,331,0
2378,3716,68,149
2379,150,205,0
2380,4956,109,74
2381,721,228,3
2382,350,35,52
2383,4944,166,19
2384,286,70,30
2385,2620,149,102
2386,2895,260,19
2387,6401,288,162
2388,3803,191,76
2389,8951,423,421
2390,825,879,0
2391,0,791,0
2392,7978,384,89
2393,4359,132,78
2394,0,592,0
2395,3945,131,80
2396,188,134,12
2397,4796,73,119
2398,10027,266,295
2399,0,0,0
2400,10065,208,366
2401,0,0,0
2402,10529,145,465
2403,2548,115,56
2404,6652,110,453
2405,1211,311,28
2406,8484,222,843
2407,1040,556,53
2408,0,1189,0
2409,4783,64,172
2410,303,80,9
2411,4531,128,112
2412,361,46,23
2413,4644,152,168
2414,12422,393,323
2415,10347,229,281
2416,5395,311,244
2417,4605,185,73
2418,5662,159,409
2419,4392,239,69
2420,5949,75,462
2421,4182,557,81
2422,7648,308,330
2423,5027,45,298
2424,0,1180,0
2425,213,2,56
2426,4864,85,223
2427,261,6,54
2428,4263,21,207
2429,10163,133,727
2430,0,0,0
2431,10163,165,367
2432,5535,217,180
2433,4459,167,127
2434,9769,269,246
2435,1072,306,40
2436,3231,233,25
2437,9516,213,291
2438,1177,207,50
2439,9433,360,225
2440,657,315,0
2441,0,0,0
2442,3987,66,95
2443,53,0,271
2444,3942,112,67
2445,10139,153,432
2446,5622,150,313
2447,6250,254,85
2448,4315,144,164
2449,5421,264,91
2450,4360,107,517
2451,9930,284,199
2452,1091,469,0
2453,0,950,0
2454,3579,114,88
2455,0,676,0
2456,3557,139,128
2457,0,57,0
2458,612,350,1
2459,5793,89,400
2460,11243,389,325
2461,0,0,0
2462,10886,123,437
2463,6290,175,491
2464,4019,48,328
2465,9260,299,298
2466,1243,407,51
2467,9629,318,539
2468,1322,190,0
2469,7645,212,165
2470,7416,490,63
2471,0,413,0
2472,3753,81,112
2473,150,270,0
2474,4960,93,70
2475,367,36,35
2476,4943,171,20
2477,300,71,16
2478,2631,187,91
2479,2905,353,9
2480,6350,260,213
2481,6065,122,233
2482,3701,101,178
2483,8783,365,589
2484,825,766,0
2485,0,27,0
2486,4365,140,72
2487,0,491,0
2488,3965,135,60
2489,200,194,0
2490,4836,127,79
2491,10042,254,280
2492,11738,293,526
2493,0,0,0
2494,10043,194,388
2495,0,0,0
2496,10487,142,507
2497,2599,68,10
2498,6097,173,270
2499,0,0,0
2500,6905,298,217
2501,1998,42,62
2502,0,0,0
2503,6494,208,188
2504,8820,305,424
2505,543,177,116
2506,4804,345,330
2507,6598,1229,5
2508,9393,1014,107
2509,28,216,0
2510,5002,358,367
2511,3836,551,85
2512,4371,158,147
2513,1569,765,29
2514,703,452,0
2515,43,242,3
2516,7111,1209,534
2517,3236,106,420
2518,2170,306,168
2519,4460,9366,188
2520,6677,74,257
2521,0,0,0
2522,2540,56,19
2523,5416,134,488
2524,0,0,0
2525,0,41,0
2526,7212,227,306
2527,1791,28,429
2528,5541,605,294
2529,3833,698,72
2530,4238,499,43
2531,1337,998,0
2532,194,139,0
2533,7173,1380,74
2534,3414,171,205
2535,1517,193,159
2536,258,45,9
2537,4173,776,204
2538,6898,326,208
2539,9758,338,804
2540,191,3,178
2541,4672,2018,234
2542,3743,843,478
2543,0,0,0
2544,517,7,129
2545,6609,76,343
2546,0,0,0
2547,3666,275,62
2548,2518,22,48
2549,5006,81,941
2550,10,272,1
2551,7336,2046,49
2552,3167,392,20
2553,859,394,4
2554,4726,693,269
2555,6879,713,47
2556,10150,503,512
2557,214,4,277
2558,7975,193,263
2559,4846,1171,100
2560,3795,621,147
2561,4144,257,28
2562,1413,602,157
2563,97,445,8
2564,7460,1076,477
2565,3354,1557,494
2566,0,0,0
2567,9202,371,466
2568,0,0,0
2569,5552,336,153
2570,781,123,193
2571,6893,172,345
2572,0,0,0
2573,6895,2505,41
2574,9531,852,102
2575,0,121,0
2576,5474,279,324
2577,3838,715,44
2578,3081,1445,32
2579,1681,778,232
2580,527,422,2
2581,1186,107,30
2582,0,337,0
2583,6702,1611,140
2584,3385,135,124
2585,1720,417,99
2586,4526,979,234
2587,6760,348,263
2588,9843,1041,688
2589,220,36,13
2590,6803,249,488
2591,2097,37,101
2592,2477,60,124
2593,0,0,0
2594,8457,103,763
2595,0,0,0
2596,808,265,134
2597,4509,445,102
2598,1351,837,0
2599,34,202,1
2600,7407,1400,29
2601,3116,556,33
2602,920,723,0
2603,12326,246,382
2604,4269,574,343
2605,6136,1501,213
2606,9502,726,161
2607,258,11,70
2608,5012,2060,164
2609,3756,606,511
2610,4262,38,132
2611,1457,498,59
2612,2591,48,18
2613,6094,142,273
2614,138,26,10
2615,0,0,0
2616,6919,285,203
2617,2003,38,57
2618,0,0,0
2619,8722,221,522
2620,560,427,99
2621,4842,468,292
2622,6588,1171,15
2623,9426,1241,74
2624,28,237,0
2625,3070,155,40
2626,5065,471,304
2627,3891,645,30
2628,4424,261,94
2629,1552,826,46
2630,43,180,3
2631,7099,1186,546
2632,3244,113,412
2633,2150,269,188
2634,4447,712,201
2635,6818,169,116
2636,6272,451,18
2637,0,0,0
2638,2537,65,22
2639,5698,245,206
2640,0,0,0
2641,7224,342,294
2642,1934,36,286
2643,5521,348,314
2644,3830,635,75
2645,4206,399,75
2646,1337,1104,0
2647,646,1199,0
2648,194,143,0
2649,7186,1451,61
2650,3425,186,194
2651,1595,307,81
2652,4158,681,219
2653,6899,322,207
2654,9702,325,860
2655,144,3,225
2656,4585,448,321
2657,3819,11358,402
2658,0,417,0
2659,0,0,0
2660,519,2,127
2661,6687,115,265
2662,0,0,0
2663,2515,33,51
2664,5107,98,840
2665,11,210,0
2666,7315,1443,70
2667,3177,316,10
2668,862,324,1
2669,2751,104,142
2670,4582,391,413
2671,6855,645,71
2672,10114,441,548
2673,238,1,253
2674,4841,1275,105
2675,3799,653,143
2676,4142,272,30
2677,1446,528,124
2678,104,127,1
2679,7470,858,467
2680,2979,264,40
2681,3484,1065,364
2682,1315,165,134
2683,9715,237,257
2684,1318,83,96
2685,9593,128,504
2686,1022,98,121
2687,9548,321,157
2688,5517,135,131
2689,358,32,21
2690,0,0,0
2691,8095,452,203
2692,7405,244,285
2693,423,13,36
2694,5708,125,261
2695,0,210,0
2696,6054,110,230
2697,0,219,0
2698,6427,166,689
2699,0,503,0
2700,6086,239,495
2701,0,627,0
2702,3307,89,141
2703,2354,142,49
2704,0,353,0
2705,3443,80,307
2706,0,162,0
2707,3375,53,181
2708,216,17,55
2709,0,0,0
2710,9675,320,158
2711,0,0,0
2712,9847,523,91
2713,0,0,0
2714,12519,353,247
2715,607,4,110
2716,0,0,0
2717,551,199,8
2718,0,0,0
2719,612,13,162
2720,0,0,0
2721,557,36,136
2722,4997,119,73
2723,101,4,23
2724,5082,116,41
2725,249,3,77
2726,284,13,86
2727,5195,166,69
2728,10621,264,154
2729,0,0,0
2730,2989,124,96
2731,6396,229,140
2732,2759,79,104
2733,0,0,0
2734,9983,269,343
2735,0,0,0
2736,3586,213,18
2737,9834,314,372
2738,0,0,0
2739,9942,348,503
2740,0,0,0
2741,9830,337,356
2742,0,0,0
2743,10274,235,448
2744,0,0,0
2745,10403,130,652
2746,0,0,0
2747,8055,356,129
2748,4133,124,121
2749,6068,284,249
2750,3219,107,49
2751,8686,200,806
2752,0,0,0
2753,6337,324,88
2754,2456,199,48
2755,6283,255,59
2756,2475,403,98
2757,6570,372,300
2758,5624,102,465
2759,2396,43,214
2760,6785,323,346
2761,2198,273,12
2762,5798,135,165
2763,4446,235,73
2764,5903,100,262
2765,4425,147,164
2766,5618,258,176
2767,3075,101,55
2768,8651,259,738
2769,1154,75,68
2770,5653,169,148
2771,0,538,0
2772,2804,61,116
2773,8097,416,635
2774,2866,72,64
2775,7993,624,603
2776,2784,78,304
2777,7783,202,532
2778,2954,46,302
2779,7642,296,443
2780,2445,143,94
2781,1419,387,30
2782,9743,328,229
2783,1336,70,78
2784,9779,179,318
2785,1101,106,42
2786,9476,252,229
2787,5538,132,110
2788,352,24,27
2789,0,0,0
2790,414,7,45
2791,12093,208,379
2792,5751,140,218
2793,0,315,0
2794,5964,82,320
2795,0,288,0
2796,6338,158,778
2797,0,397,0
2798,6142,209,439
2799,0,679,0
2800,3357,141,91
2801,0,564,0
2802,5945,111,134
2803,84,8,8
2804,3429,74,321
2805,0,2,0
2806,3396,63,160
2807,240,26,31
2808,0,0,0
2809,9677,345,156
2810,0,0,0
2811,9826,477,112
2812,0,0,0
2813,527,0,190
2814,2991,311,48
2815,0,0,0
2816,553,213,6
2817,0,0,0
2818,604,18,170
2819,0,0,0
2820,596,56,97
2821,4989,104,81
2822,118,15,6
2823,5077,107,46
2824,291,7,79
2825,7036,439,239
2826,5189,128,75
2827,10624,261,151
2828,0,0,0
2829,2973,91,112
2830,6390,237,146
2831,2783,114,80
2832,0,0,0
2833,9947,232,379
2834,0,0,0
2835,9787,284,419
2836,6066,56,458
2837,0,0,0
2838,10031,315,414
2839,0,0,0
2840,9902,353,284
2841,1564,142,435
2842,5973,568,66
2843,4272,95,807
2844,477,17,149
2845,5031,691,91
2846,5374,273,261
2847,11528,379,283
2848,7037,98,1118
2849,74,0,141
2850,5111,608,671
2851,4581,155,582
2852,1,5,1
2853,2648,52,436
2854,194,11,86
2855,5549,395,104
2856,3812,276,433
2857,3274,813,79
2858,6378,186,277
2859,1752,408,0
2860,2334,385,215
2861,1289,58,13
2862,5524,443,34
2863,5286,464,104
2864,598,245,0
2865,4376,193,1402
2866,4439,91,978
2867,42,0,530
2868,2231,83,268
2869,5668,282,60
2870,1508,129,723
2871,5758,408,57
2872,3976,78,733
2873,142,106,92
2874,4284,275,521
2875,4097,172,112
2876,6929,162,715
2877,183,22,87
2878,5393,592,1098
2879,4209,142,384
2880,1268,181,11
2881,2199,853,71
2882,1348,71,17
2883,6675,197,252
2884,2282,398,67
2885,3718,284,94
2886,3247,242,4
2887,2778,328,69
2888,513,0,302
2889,4320,169,515
2890,5419,246,281
2891,2394,138,23
2892,7391,108,1279
2893,0,0,14
2894,4708,866,302
2895,4647,274,327
2896,0,1,0
2897,1985,86,679
2898,307,33,231
2899,5588,429,23
2900,4130,105,706
2901,361,12,171
2902,12640,194,406
2903,3948,413,998
2904,5470,317,63
2905,2440,663,28
2906,3533,141,75
2907,4730,575,105
2908,413,160,1
2909,3121,499,43
2910,1561,133,14
2911,553,26,379
2912,1889,142,216
2913,700,176,17
2914,7633,222,177
2915,1716,164,355
2916,6028,573,68
2917,3891,78,960
2918,577,41,174
2919,5042,437,121
2920,4569,326,135
2921,6526,141,766
2922,1,0,294
2923,6280,515,366
2924,3950,278,397
2925,529,468,0
2926,151,0,490
2927,1720,166,536
2928,3839,172,151
2929,4700,966,102
2930,513,355,1
2931,3512,361,21
2932,3021,454,111
2933,2326,305,207
2934,1072,59,22
2935,4893,426,176
2936,8059,289,239
2937,7248,255,800
2938,0,0,0
2939,5389,1001,338
2940,4813,515,207
2941,640,66,17
2942,2436,23,399
2943,1337,358,275
2944,5917,297,73
2945,3690,166,656
2946,118,73,205
2947,5857,91,222
2948,3724,209,509
2949,4386,344,288
2950,6292,320,494
2951,5,2,63
2952,3365,331,46
2953,3121,544,96
2954,3691,162,286
2955,1558,495,17
2956,2800,270,46
2957,2260,664,1
2958,686,113,31
2959,1485,117,514
2960,5971,593,68
2961,4163,90,916
2962,483,18,143
2963,4960,476,162
2964,5335,294,300
2965,6870,106,1285
2966,18,0,197
2967,4748,423,1034
2968,4719,169,444
2969,2327,132,58
2970,1,2,1
2971,2524,34,560
2972,123,2,157
2973,5553,358,100
2974,3324,80,921
2975,3276,816,77
2976,1747,631,5
2977,2344,359,205
2978,1287,46,15
2979,5517,402,41
2980,11633,260,249
2981,5278,405,112
2982,598,241,0
2983,4639,246,1139
2984,4433,58,984
2985,445,13,127
2986,2182,58,317
2987,1658,161,573
2988,5760,421,55
2989,4078,118,631
2990,128,59,106
2991,6508,260,99
2992,4280,245,525
2993,4088,165,121
2994,6956,184,688
2995,173,19,97
2996,5469,1247,1022
2997,4232,142,361
2998,2193,948,77
2999,1351,79,14
3000,6683,218,244
3001,2273,286,76
3002,635,750,0
3003,3717,268,95
3004,3242,225,9
3005,2788,373,59
3006,548,0,267
3007,4570,345,265
3008,5397,212,303
3009,7375,105,1295
3010,0,0,14
3011,4502,745,508
3012,4792,431,182
3013,0,136,0
3014,0,0,0
3015,1886,54,778
3016,273,18,265
3017,5578,351,33
3018,3842,45,994
3019,385,15,147
3020,3992,372,954
3021,5482,401,51
3022,2446,713,22
3023,3481,94,127
3024,2319,100,66
3025,2721,72,194
3026,4726,511,109
3027,413,124,1
3028,3112,460,52
3029,1560,139,15
3030,738,1323,19
3031,0,0,0
3032,4029,208,69
3033,77,1,133
3034,3760,236,38
3035,10522,188,495
3036,2916,113,82
3037,5559,145,389
3038,4051,120,281
3039,9344,338,618
3040,1001,461,11
3041,0,367,0
3042,4090,68,229
3043,101,101,0
3044,5112,103,103
3045,464,8,56
3046,4630,165,33
3047,7870,1052,135
3048,206,29,39
3049,2686,190,133
3050,2999,304,5
3051,6756,301,151
3052,3467,172,55
3053,9166,683,512
3054,653,1115,42
3055,0,597,0
3056,4042,97,146
3057,86,1,80
3058,5643,497,211
3059,4700,100,188
3060,10732,252,310
3061,4946,155,287
3062,3761,169,88
3063,5562,146,558
3064,4590,311,47
3065,5932,172,364
3066,3942,568,119
3067,7536,296,323
3068,5567,90,257
3069,1290,113,47
3070,0,1039,0
3071,5083,168,146
3072,323,41,18
3073,4208,67,135
3074,9824,107,738
3075,5797,213,155
3076,4164,174,710
3077,10279,117,448
3078,1000,592,0
3079,0,890,0
3080,216,0,57
3081,4002,145,88
3082,0,785,0
3083,3707,141,174
3084,0,1042,0
3085,5916,152,226
3086,10818,467,273
3087,0,0,0
3088,11252,151,573
3089,6624,194,464
3090,3922,109,344
3091,3372,269,22
3092,8194,296,407
3093,1245,668,25
3094,0,267,0
3095,4095,127,75
3096,11,29,23
3097,4727,129,105
3098,10178,236,274
3099,0,0,0
3100,10071,197,473
3101,0,0,0
3102,7020,227,84
3103,10556,141,583
3104,6698,95,393
3105,1215,298,133
3106,8187,300,745
3107,942,853,29
3108,0,1032,0
3109,4913,71,168
3110,556,254,4
3111,4683,137,113
3112,10450,149,399
3113,517,422,0
3114,5519,225,181
3115,4690,67,268
3116,9017,238,326
3117,874,353,87
3118,9207,222,296
3119,1385,339,9
3120,9442,359,265
3121,672,220,85
3122,0,0,0
3123,4006,173,92
3124,7907,443,86
3125,3,0,207
3126,3737,213,61
3127,10591,173,426
3128,5600,142,348
3129,4032,94,300
3130,9339,395,623
3131,1012,444,0
3132,0,249,0
3133,4088,70,231
3134,101,121,0
